"trip"	"site"	"gut.id"	"V1"	"V2"	"V3"	"V4"	"V5"	"V6"	"V7"
"1"	"GC20120419"	"I"	1	0	0	0	0	0	0	0
"2"	"GC20120419"	"I"	3	0	0	0	0	245	0	0
"3"	"GC20120419"	"I"	4	0	0	0	0	24	0	0
"4"	"GC20120419"	"I"	5	0	0	0	0	0	0	0
"5"	"GC20120419"	"I"	6	0	0	0	0	5	0	0
"6"	"GC20120419"	"I"	7	0	0	0	0	0	0	0
"7"	"GC20120419"	"I"	8	0	0	2	0	0	26	0
"8"	"GC20120419"	"I"	9	0	0	0	0	0	72	0
"9"	"GC20120419"	"I"	10	0	0	0	0	0	0	0
"10"	"GC20120419"	"I"	11	0	1	1	0	18	0	0
"11"	"GC20120419"	"I"	12	0	0	0	0	0	0	0
"12"	"GC20120419"	"I"	13	0	0	0	0	0	0	0
"13"	"GC20120419"	"I"	14	0	0	0	0	0	0	0
"14"	"GC20120419"	"I"	15	0	0	0	0	0	16	0
"15"	"GC20120419"	"I"	16	0	0	0	0	0	0	0
"16"	"GC20120419"	"I"	17	0	0	0	0	0	0	0
"17"	"GC20120419"	"I"	18	0	0	0	0	0	0	0
"18"	"GC20120419"	"I"	19	0	0	0	0	0	0	0
"19"	"GC20120419"	"I"	20	0	0	0	0	0	0	0
"20"	"GC20120419"	"I"	21	0	0	0	0	0	0	0
"21"	"GC20120419"	"II"	22	0	0	0	0	132	0	0
"22"	"GC20120419"	"II"	23	0	0	0	0	103	0	0
"23"	"GC20120419"	"II"	24	0	0	3	1	50	0	0
"24"	"GC20120419"	"II"	25	0	0	0	0	153	0	0
"25"	"GC20120419"	"II"	26	0	0	0	0	65	54	0
"26"	"GC20120419"	"II"	27	0	0	0	0	0	0	0
"27"	"GC20120419"	"II"	28	0	0	3	0	226	0	0
"28"	"GC20120419"	"II"	29	0	0	0	0	0	0	0
"29"	"GC20120419"	"II"	30	0	0	0	0	53	15	0
"30"	"GC20120419"	"II"	31	0	0	0	0	71	12	0
"31"	"GC20120419"	"II"	32	0	0	0	0	198	54	0
"32"	"GC20120419"	"II"	33	0	0	0	0	412	119	0
"33"	"GC20120419"	"II"	34	0	0	0	0	109	120	0
"34"	"GC20120419"	"II"	35	0	0	0	0	0	0	0
"35"	"GC20120419"	"II"	36	0	0	0	0	0	66	0
"36"	"GC20120419"	"II"	37	0	0	0	0	416	181	0
"37"	"GC20120419"	"II"	38	0	0	0	0	0	0	0
"38"	"GC20120419"	"II"	39	0	0	0	0	611	37	0
"39"	"GC20120419"	"II"	40	0	0	0	0	84	27	0
"40"	"GC20120419"	"II"	41	0	0	0	0	57	231	0
"41"	"GC20120419"	"II"	42	0	0	0	0	0	0	0
"42"	"GC20120419"	"III"	43	0	0	0	0	304	428	0
"43"	"GC20120419"	"III"	44	0	0	0	0	18	271	0
"44"	"GC20120419"	"III"	45	0	0	5	0	339	49	0
"45"	"GC20120419"	"III"	46	0	0	0	0	547	249	0
"46"	"GC20120419"	"III"	47	0	0	0	0	0	668	0
"47"	"GC20120419"	"III"	48	0	0	0	0	680	13	0
"48"	"GC20120419"	"III"	49	0	0	0	0	231	191	0
"49"	"GC20120419"	"III"	50	0	0	0	0	438	368	0
"50"	"GC20120419"	"III"	51	0	0	0	0	273	0	0
"51"	"GC20120419"	"III"	52	0	0	0	0	23	418	0
"52"	"GC20120419"	"III"	53	0	0	0	0	234	917	0
"53"	"GC20120419"	"III"	54	0	0	1	0	425	207	0
"54"	"GC20120419"	"III"	55	0	0	5	0	552	0	0
"55"	"GC20120419"	"III"	56	0	0	0	0	27	199	0
"56"	"GC20120419"	"III"	57	0	0	0	0	404	438	0
"57"	"GC20120419"	"III"	58	0	0	0	0	253	167	0
"58"	"GC20120419"	"III"	59	0	0	0	0	42	329	0
"59"	"GC20120419"	"III"	60	0	0	0	0	194	352	0
"60"	"GC20120419"	"III"	61	0	0	0	0	95	434	0
"61"	"GC20120419"	"III"	62	0	0	0	0	0	0	0
"62"	"GC20120419"	"IVa"	64	0	0	0	0	287	35	0
"63"	"GC20120419"	"IVa"	65	0	0	1	0	892	119	0
"64"	"GC20120419"	"IVa"	66	0	0	0	0	1035	69	0
"65"	"GC20120419"	"IVa"	67	0	0	0	0	538	234	0
"66"	"GC20120419"	"IVa"	68	0	0	0	0	87	27	0
"67"	"GC20120419"	"IVa"	70	0	0	0	0	120	0	0
"68"	"GC20120419"	"IVa"	71	0	0	0	0	32	592	0
"69"	"GC20120419"	"IVa"	72	0	0	0	0	568	29	0
"70"	"GC20120419"	"IVa"	73	0	0	0	0	408	145	0
"71"	"GC20120419"	"IVa"	74	0	0	0	0	155	621	0
"72"	"GC20120419"	"IVb"	77	0	0	0	0	157	0	0
"73"	"GC20120419"	"IVb"	78	0	0	0	0	89	11	0
"74"	"GC20120419"	"IVb"	79	0	0	0	0	29	1	0
"75"	"GC20120419"	"IVb"	80	0	0	0	0	4	41	0
"76"	"GC20120419"	"IVb"	81	0	0	0	0	154	0	0
"77"	"GC20120419"	"IVb"	82	0	0	0	0	400	0	0
"78"	"GC20120419"	"IVb"	83	1	0	1	0	355	73	0
"79"	"GC20120419"	"IVb"	84	0	0	0	0	85	21	0
"80"	"GC20120419"	"IVb"	85	0	0	0	0	74	104	0
"81"	"GC20120419"	"IVb"	86	0	0	0	0	0	31	0
"82"	"GC20120419"	"IVb"	87	0	0	0	0	15	0	0
"83"	"GC20120419"	"IVb"	88	0	0	0	0	36	0	0
"84"	"GC20120419"	"IVb"	89	0	0	0	0	0	0	0
"85"	"GC20120419"	"IVb"	90	0	0	0	0	61	64	0
"86"	"GC20120419"	"IVb"	91	0	0	0	0	33	0	0
"87"	"GC20120419"	"IVb"	92	0	0	0	0	0	0	0
"88"	"GC20120419"	"IVb"	93	0	0	0	0	0	0	0
"89"	"GC20120419"	"IVb"	94	0	0	0	0	41	0	0
"90"	"GC20120419"	"IVb"	95	0	0	0	0	0	0	0
"91"	"GC20120705"	"III"	147	0	0	0	13	0	0	0
"92"	"GC20120705"	"III"	148	0	0	0	0	0	0	0
"93"	"GC20120705"	"III"	149	0	0	0	62	0	0	0
"94"	"GC20120705"	"III"	150	0	0	0	0	0	0	0
"95"	"GC20120705"	"III"	151	0	0	0	0	0	89	0
"96"	"GC20120705"	"III"	154	0	0	0	0	0	0	0
"97"	"GC20120705"	"III"	155	0	0	0	0	0	0	0
"98"	"GC20120705"	"III"	156	0	0	0	0	0	0	0
"99"	"GC20120705"	"III"	161	0	0	0	0	0	101	0
"100"	"GC20120705"	"III"	174	0	0	12	0	0	0	0
"101"	"GC20120705"	"III"	175	0	0	0	0	0	0	0
"102"	"GC20120705"	"III"	176	0	0	0	0	127	18	0
"103"	"GC20120705"	"III"	178	0	0	0	0	0	0	0
"104"	"GC20120705"	"III"	179	0	0	0	34	0	0	0
"105"	"GC20120705"	"III"	181	0	0	0	0	0	0	0
"106"	"GC20120705"	"III"	182	0	0	0	0	0	0	0
"107"	"GC20120705"	"III"	230	0	0	0	84	0	0	0
"108"	"GC20120705"	"III"	231	0	0	0	0	0	0	0
"109"	"GC20120705"	"III"	240	0	0	0	0	0	0	0
"110"	"GC20120705"	"III"	241	0	0	64	0	0	0	0
"111"	"GC20120705"	"IVa"	152	0	0	0	0	0	0	0
"112"	"GC20120705"	"IVa"	153	0	0	0	5	0	53	0
"113"	"GC20120705"	"IVa"	157	0	0	0	0	0	0	0
"114"	"GC20120705"	"IVa"	180	0	0	0	0	0	0	0
"115"	"GC20120705"	"IVa"	207	0	0	3	35	0	0	0
"116"	"GC20120705"	"IVa"	208	0	0	0	0	0	0	0
"117"	"GC20120705"	"IVa"	209	0	0	0	0	0	0	0
"118"	"GC20120705"	"IVa"	213	0	0	0	0	0	0	0
"119"	"GC20120705"	"IVa"	217	0	0	0	0	0	0	0
"120"	"GC20120705"	"IVa"	218	0	0	0	0	0	0	0
"121"	"GC20120705"	"IVa"	222	0	0	0	0	0	0	0
"122"	"GC20120705"	"IVa"	223	0	0	0	0	0	0	0
"123"	"GC20120705"	"IVa"	229	0	0	0	0	0	112	0
"124"	"GC20120705"	"IVa"	232	0	0	0	0	0	0	0
"125"	"GC20120705"	"IVa"	237	0	0	0	30	0	0	0
"126"	"GC20120705"	"IVa"	238	0	0	0	0	0	0	0
"127"	"GC20120705"	"IVa"	243	0	0	0	0	0	0	0
"128"	"GC20120705"	"IVa"	247	0	0	0	0	0	0	0
"129"	"GC20120705"	"IVb"	158	0	0	0	0	0	0	0
"130"	"GC20120705"	"IVb"	159	0	0	0	0	0	0	0
"131"	"GC20120705"	"IVb"	160	0	0	0	0	0	0	0
"132"	"GC20120705"	"IVb"	162	0	0	0	0	0	0	0
"133"	"GC20120705"	"IVb"	204	0	0	0	0	0	0	0
"134"	"GC20120705"	"IVb"	212	0	0	0	0	0	0	0
"135"	"GC20120705"	"IVb"	215	0	0	0	0	0	0	0
"136"	"GC20120705"	"IVb"	216	0	0	0	0	0	0	0
"137"	"GC20120705"	"IVb"	219	0	0	0	0	0	0	0
"138"	"GC20120705"	"IVb"	220	0	0	0	0	0	0	0
"139"	"GC20120705"	"IVb"	224	0	0	0	0	0	0	0
"140"	"GC20120705"	"IVb"	225	0	0	0	0	0	0	0
"141"	"GC20120705"	"IVb"	227	0	0	0	0	0	0	0
"142"	"GC20120705"	"IVb"	228	0	0	0	0	0	0	0
"143"	"GC20120705"	"IVb"	233	0	0	0	0	0	0	0
"144"	"GC20120705"	"IVb"	239	0	0	0	0	0	0	0
"145"	"GC20120705"	"IVb"	244	0	0	0	0	0	0	0
"146"	"GC20120705"	"IVb"	246	0	0	0	0	0	0	0
"147"	"GC20120705"	"I"	163	0	0	0	0	27	0	0
"148"	"GC20120705"	"I"	164	0	0	0	0	43	7	0
"149"	"GC20120705"	"I"	165	0	0	0	0	0	0	0
"150"	"GC20120705"	"I"	166	0	0	0	0	34	0	0
"151"	"GC20120705"	"I"	167	0	0	0	0	0	0	0
"152"	"GC20120705"	"I"	168	0	0	0	0	0	0	0
"153"	"GC20120705"	"I"	169	0	0	0	0	72	0	0
"154"	"GC20120705"	"I"	170	0	0	0	0	174	0	0
"155"	"GC20120705"	"I"	171	0	0	0	0	84	0	0
"156"	"GC20120705"	"I"	172	0	0	0	0	0	0	0
"157"	"GC20120705"	"I"	183	0	0	0	0	14	9	0
"158"	"GC20120705"	"I"	184	0	0	0	0	55	0	0
"159"	"GC20120705"	"I"	185	0	0	0	0	261	0	0
"160"	"GC20120705"	"I"	186	0	0	0	0	217	83	0
"161"	"GC20120705"	"I"	187	0	0	0	0	59	0	0
"162"	"GC20120705"	"I"	188	0	0	0	0	438	0	0
"163"	"GC20120705"	"I"	189	0	0	0	0	0	0	0
"164"	"GC20120705"	"I"	190	0	0	0	0	458	0	0
"165"	"GC20120705"	"I"	191	0	0	0	0	117	0	0
"166"	"GC20120705"	"I"	192	0	0	0	0	0	0	0
"167"	"GC20120705"	"II"	173	0	0	0	0	37	271	0
"168"	"GC20120705"	"II"	177	0	0	0	0	0	81	0
"169"	"GC20120705"	"II"	193	0	0	0	0	0	147	0
"170"	"GC20120705"	"II"	194	0	0	0	0	0	0	0
"171"	"GC20120705"	"II"	195	0	0	0	0	58	119	0
"172"	"GC20120705"	"II"	197	0	0	0	0	0	0	0
"173"	"GC20120705"	"II"	198	0	0	0	0	10	0	0
"174"	"GC20120705"	"II"	199	0	0	0	0	0	0	0
"175"	"GC20120705"	"II"	200	0	0	0	0	37	0	0
"176"	"GC20120705"	"II"	202	0	0	0	0	0	0	0
"177"	"GC20120705"	"II"	203	0	0	0	0	0	0	0
"178"	"GC20120705"	"II"	205	0	0	0	0	0	0	0
"179"	"GC20120705"	"II"	206	0	0	0	0	92	0	0
"180"	"GC20120705"	"II"	210	0	0	0	0	0	0	0
"181"	"GC20120705"	"II"	211	0	0	0	0	0	84	0
"182"	"GC20120705"	"II"	221	0	0	0	0	118	181	0
"183"	"GC20120705"	"II"	234	0	0	0	0	44	58	0
"184"	"GC20120705"	"II"	235	0	0	0	0	0	158	0
"185"	"GC20120705"	"II"	236	0	0	0	0	18	188	0
"186"	"GC20120705"	"II"	242	0	0	0	0	0	34	0
"187"	"GC20120913"	"IVa"	249	0	0	0	66	0	0	0
"188"	"GC20120913"	"IVa"	260	0	0	0	66	0	0	0
"189"	"GC20120913"	"IVa"	261	0	0	219	74	0	0	0
"190"	"GC20120913"	"IVa"	275	0	0	0	0	0	0	0
"191"	"GC20120913"	"IVa"	276	0	0	0	54	0	0	0
"192"	"GC20120913"	"IVa"	279	0	0	0	0	0	0	0
"193"	"GC20120913"	"IVa"	280	0	0	0	15	0	0	0
"194"	"GC20120913"	"IVa"	282	0	0	0	0	0	0	0
"195"	"GC20120913"	"IVa"	291	0	0	0	239	0	0	0
"196"	"GC20120913"	"IVa"	293	0	0	0	7	0	0	0
"197"	"GC20120913"	"IVa"	297	0	0	0	13	0	0	0
"198"	"GC20120913"	"IVa"	298	0	0	0	143	0	0	0
"199"	"GC20120913"	"IVa"	303	0	0	0	0	0	0	0
"200"	"GC20120913"	"IVa"	336	0	0	0	33	0	0	0
"201"	"GC20120913"	"IVa"	338	0	0	0	178	0	0	0
"202"	"GC20120913"	"IVa"	350	0	0	0	35	0	0	0
"203"	"GC20120913"	"IVa"	363	0	0	0	39	0	0	0
"204"	"GC20120913"	"IVa"	364	0	0	0	66	0	0	0
"205"	"GC20120913"	"IVa"	368	0	0	0	134	0	0	0
"206"	"GC20120913"	"IVa"	369	0	0	0	52	0	0	0
"207"	"GC20120913"	"I"	250	0	72	0	0	24	0	0
"208"	"GC20120913"	"I"	253	0	0	0	0	0	0	0
"209"	"GC20120913"	"I"	254	0	0	0	0	0	0	0
"210"	"GC20120913"	"I"	257	0	0	0	0	0	32	0
"211"	"GC20120913"	"I"	258	0	0	0	0	0	299	0
"212"	"GC20120913"	"I"	272	35	0	0	0	0	32	0
"213"	"GC20120913"	"I"	274	0	0	0	0	0	0	0
"214"	"GC20120913"	"I"	287	0	0	0	0	0	0	0
"215"	"GC20120913"	"I"	288	0	0	0	0	0	58	0
"216"	"GC20120913"	"I"	296	0	0	0	0	0	0	0
"217"	"GC20120913"	"I"	307	0	0	0	0	0	0	0
"218"	"GC20120913"	"I"	309	0	37	0	0	0	0	0
"219"	"GC20120913"	"I"	310	0	0	0	0	7	0	0
"220"	"GC20120913"	"I"	335	0	0	0	0	589	0	0
"221"	"GC20120913"	"I"	337	83	0	0	0	0	0	0
"222"	"GC20120913"	"I"	340	0	0	0	0	39	20	0
"223"	"GC20120913"	"I"	343	0	0	0	0	222	55	0
"224"	"GC20120913"	"III"	262	0	0	0	0	0	0	0
"225"	"GC20120913"	"III"	263	0	0	0	0	0	0	0
"226"	"GC20120913"	"III"	264	0	0	0	0	0	0	0
"227"	"GC20120913"	"III"	265	0	0	0	70	0	0	0
"228"	"GC20120913"	"III"	266	0	0	0	0	0	0	0
"229"	"GC20120913"	"III"	271	0	0	0	0	0	0	0
"230"	"GC20120913"	"III"	273	0	0	21	0	0	0	0
"231"	"GC20120913"	"III"	281	0	0	0	0	0	0	0
"232"	"GC20120913"	"III"	302	0	0	0	0	0	0	0
"233"	"GC20120913"	"III"	312	0	0	0	0	0	0	0
"234"	"GC20120913"	"III"	313	0	0	0	16	0	0	0
"235"	"GC20120913"	"III"	314	0	0	0	0	0	0	0
"236"	"GC20120913"	"III"	322	0	0	0	42	0	0	0
"237"	"GC20120913"	"III"	327	0	0	0	0	0	0	0
"238"	"GC20120913"	"III"	328	0	0	0	0	0	0	0
"239"	"GC20120913"	"III"	331	0	0	0	0	0	0	0
"240"	"GC20120913"	"III"	332	0	0	0	108	0	0	0
"241"	"GC20120913"	"III"	351	0	0	0	0	0	0	0
"242"	"GC20120913"	"III"	365	0	0	0	0	0	0	0
"243"	"GC20120913"	"III"	367	0	0	0	0	0	0	0
"244"	"GC20120913"	"IVb"	267	0	0	0	0	0	0	0
"245"	"GC20120913"	"IVb"	278	0	0	0	0	0	0	0
"246"	"GC20120913"	"IVb"	306	0	0	0	0	0	0	0
"247"	"GC20120913"	"IVb"	319	0	0	0	0	0	0	0
"248"	"GC20120913"	"IVb"	323	0	0	0	0	0	0	0
"249"	"GC20120913"	"IVb"	333	0	0	0	0	0	0	0
"250"	"GC20120913"	"IVb"	345	0	0	0	0	0	0	0
"251"	"GC20120913"	"IVb"	352	0	0	0	0	0	0	0
"252"	"GC20120913"	"IVb"	353	0	0	0	0	0	0	0
"253"	"GC20120913"	"IVb"	358	0	0	0	0	0	0	0
"254"	"GC20120913"	"IVb"	359	0	0	0	0	0	0	0
"255"	"GC20120913"	"IVb"	360	0	0	0	0	0	0	0
"256"	"GC20120913"	"IVb"	361	0	0	0	0	0	0	0
"257"	"GC20120913"	"II"	284	0	0	0	0	0	0	0
"258"	"GC20120913"	"II"	311	0	0	0	0	0	0	0
"259"	"GC20120913"	"II"	315	0	0	0	0	0	0	0
"260"	"GC20120913"	"II"	325	0	0	0	0	0	0	0
"261"	"GC20120913"	"II"	326	0	0	0	0	0	0	0
"262"	"GC20120913"	"II"	339	0	0	0	0	0	0	0
"263"	"GC20120913"	"II"	362	0	0	0	0	0	0	0
"264"	"GC20130110"	"III"	373	0	0	0	0	0	0	0
"265"	"GC20130110"	"III"	385	0	0	0	16	0	0	0
"266"	"GC20130110"	"III"	386	0	0	0	36	0	0	0
"267"	"GC20130110"	"III"	393	0	0	0	178	0	0	0
"268"	"GC20130110"	"III"	395	0	0	0	0	0	93	0
"269"	"GC20130110"	"III"	396	0	0	0	0	0	0	0
"270"	"GC20130110"	"III"	415	0	0	0	0	0	0	0
"271"	"GC20130110"	"III"	417	0	0	0	0	0	0	0
"272"	"GC20130110"	"III"	423	0	0	0	69	0	0	0
"273"	"GC20130110"	"III"	425	0	0	0	32	0	0	0
"274"	"GC20130110"	"III"	427	0	0	0	46	0	0	0
"275"	"GC20130110"	"III"	428	0	0	0	7	0	8	0
"276"	"GC20130110"	"III"	429	0	0	0	594	0	0	0
"277"	"GC20130110"	"III"	434	0	0	0	0	0	0	0
"278"	"GC20130110"	"III"	439	0	0	0	0	0	0	0
"279"	"GC20130110"	"III"	441	0	0	0	99	0	0	0
"280"	"GC20130110"	"III"	450	0	0	0	131	0	0	0
"281"	"GC20130110"	"III"	454	0	0	0	0	0	0	0
"282"	"GC20130110"	"III"	455	0	0	0	43	0	0	0
"283"	"GC20130110"	"III"	463	0	0	0	0	0	0	0
"284"	"GC20130110"	"III"	467	0	0	0	0	0	0	0
"285"	"GC20130110"	"I"	374	0	0	0	0	0	0	0
"286"	"GC20130110"	"I"	375	0	0	0	0	0	0	0
"287"	"GC20130110"	"I"	377	0	0	0	0	0	0	0
"288"	"GC20130110"	"I"	378	0	0	0	0	0	0	0
"289"	"GC20130110"	"I"	380	0	0	0	0	0	0	0
"290"	"GC20130110"	"I"	381	0	0	0	0	0	0	0
"291"	"GC20130110"	"I"	382	0	0	0	0	0	0	0
"292"	"GC20130110"	"I"	416	0	0	0	0	6	0	0
"293"	"GC20130110"	"I"	436	0	0	0	0	0	0	0
"294"	"GC20130110"	"I"	445	0	0	0	0	0	0	0
"295"	"GC20130110"	"I"	451	0	0	0	0	0	0	0
"296"	"GC20130110"	"I"	476	0	0	0	0	0	0	0
"297"	"GC20130110"	"I"	477	0	0	0	0	113	0	0
"298"	"GC20130110"	"I"	478	0	0	0	0	131	0	0
"299"	"GC20130110"	"II"	376	0	0	0	0	0	0	0
"300"	"GC20130110"	"II"	384	0	0	0	72	0	0	0
"301"	"GC20130110"	"II"	389	0	0	0	26	0	0	0
"302"	"GC20130110"	"II"	390	0	0	0	0	0	0	0
"303"	"GC20130110"	"II"	392	0	0	0	86	0	0	0
"304"	"GC20130110"	"II"	397	0	0	0	89	0	23	0
"305"	"GC20130110"	"II"	399	0	0	0	17	0	0	0
"306"	"GC20130110"	"II"	418	0	0	0	178	0	0	0
"307"	"GC20130110"	"II"	424	0	0	0	20	0	29	0
"308"	"GC20130110"	"II"	435	0	0	0	19	0	0	0
"309"	"GC20130110"	"II"	442	0	0	0	327	0	0	0
"310"	"GC20130110"	"II"	456	0	0	0	0	0	0	0
"311"	"GC20130110"	"II"	457	0	0	0	142	0	0	0
"312"	"GC20130110"	"II"	461	0	0	0	0	0	0	0
"313"	"GC20130110"	"II"	462	0	0	0	5	0	0	0
"314"	"GC20130110"	"II"	464	0	0	0	0	0	0	0
"315"	"GC20130110"	"II"	465	0	0	0	28	0	24	0
"316"	"GC20130110"	"II"	466	0	0	0	252	0	0	0
"317"	"GC20130110"	"II"	472	0	0	0	34	0	0	0
"318"	"GC20130110"	"II"	480	0	0	0	43	0	0	0
"319"	"GC20130110"	"IVb"	387	0	0	0	0	0	0	0
"320"	"GC20130110"	"IVb"	388	0	0	0	0	0	0	0
"321"	"GC20130110"	"IVb"	394	0	0	0	73	0	68	0
"322"	"GC20130110"	"IVb"	398	0	0	0	0	0	0	0
"323"	"GC20130110"	"IVb"	407	0	0	0	0	0	0	0
"324"	"GC20130110"	"IVb"	413	0	0	0	0	0	23	0
"325"	"GC20130110"	"IVb"	414	0	0	0	0	0	0	0
"326"	"GC20130110"	"IVb"	419	0	0	0	0	0	0	0
"327"	"GC20130110"	"IVb"	420	0	0	0	0	0	0	0
"328"	"GC20130110"	"IVb"	421	0	0	0	0	14	0	0
"329"	"GC20130110"	"IVb"	422	0	0	0	0	0	0	0
"330"	"GC20130110"	"IVb"	426	0	0	0	0	0	0	0
"331"	"GC20130110"	"IVb"	430	0	0	0	0	0	0	0
"332"	"GC20130110"	"IVb"	431	0	0	0	0	0	0	0
"333"	"GC20130110"	"IVb"	432	0	0	0	0	0	82	0
"334"	"GC20130110"	"IVb"	433	0	0	0	0	0	0	0
"335"	"GC20130110"	"IVb"	437	0	0	0	0	195	0	0
"336"	"GC20130110"	"IVb"	438	0	0	0	0	0	0	0
"337"	"GC20130110"	"IVb"	443	0	0	0	0	0	0	0
"338"	"GC20130110"	"IVb"	444	0	0	0	0	0	0	0
"339"	"GC20130110"	"IVb"	452	0	0	0	1326	0	0	0
"340"	"GC20130110"	"IVb"	453	0	0	0	0	0	0	0
"341"	"GC20130110"	"IVb"	458	0	0	0	0	0	0	0
"342"	"GC20130110"	"IVb"	459	0	0	0	19	0	0	0
"343"	"GC20130110"	"IVb"	460	0	0	0	5	0	0	0
"344"	"GC20130110"	"IVb"	468	0	0	0	0	0	0	0
"345"	"GC20130110"	"IVb"	469	0	0	0	61	31	0	0
"346"	"GC20130110"	"IVb"	470	0	0	0	0	10	0	0
"347"	"GC20130110"	"IVb"	471	0	0	0	0	0	0	0
"348"	"GC20130404"	"I"	517	0	0	0	0	0	92	0
"349"	"GC20130404"	"I"	522	0	0	0	0	0	51	0
"350"	"GC20130404"	"I"	527	0	0	0	0	0	0	0
"351"	"GC20130404"	"I"	530	0	0	0	0	0	15	0
"352"	"GC20130404"	"I"	532	0	0	0	0	0	0	0
"353"	"GC20130404"	"I"	534	0	0	0	0	0	0	0
"354"	"GC20130404"	"I"	548	0	0	0	0	0	3	0
"355"	"GC20130404"	"I"	553	0	0	0	0	0	0	0
"356"	"GC20130404"	"I"	556	0	0	0	0	0	0	0
"357"	"GC20130404"	"I"	563	0	0	0	0	0	0	0
"358"	"GC20130404"	"I"	564	0	0	0	0	0	0	0
"359"	"GC20130404"	"I"	565	0	0	0	0	0	0	0
"360"	"GC20130404"	"I"	572	0	0	0	0	0	10	0
"361"	"GC20130404"	"I"	577	0	0	0	0	77	48	0
"362"	"GC20130404"	"I"	580	0	0	0	0	0	5	0
"363"	"GC20130404"	"I"	588	0	0	0	0	29	0	0
"364"	"GC20130404"	"I"	599	0	0	0	0	22	169	0
"365"	"GC20130404"	"I"	605	0	0	0	0	30	128	0
"366"	"GC20130404"	"I"	606	0	0	0	0	0	0	0
"367"	"GC20130404"	"I"	609	0	0	0	0	0	0	0
"368"	"GC20130404"	"I"	610	0	0	0	0	26	0	0
"369"	"GC20130404"	"IVb"	518	0	0	87	0	0	0	0
"370"	"GC20130404"	"IVb"	526	0	0	288	0	0	0	0
"371"	"GC20130404"	"IVb"	536	0	0	200	0	0	0	0
"372"	"GC20130404"	"IVb"	541	0	0	62	0	0	0	0
"373"	"GC20130404"	"IVb"	542	0	0	46	0	0	0	0
"374"	"GC20130404"	"IVb"	543	0	0	65	0	0	42	0
"375"	"GC20130404"	"IVb"	559	0	0	130	0	118	0	0
"376"	"GC20130404"	"IVb"	560	0	0	18	0	0	0	0
"377"	"GC20130404"	"IVb"	562	0	0	0	0	0	0	0
"378"	"GC20130404"	"IVb"	568	0	0	0	0	0	0	0
"379"	"GC20130404"	"IVb"	574	0	0	13	0	0	0	0
"380"	"GC20130404"	"IVb"	579	0	0	1056	0	0	0	0
"381"	"GC20130404"	"IVb"	584	0	0	22	0	0	355	0
"382"	"GC20130404"	"IVb"	587	0	0	0	0	0	0	0
"383"	"GC20130404"	"IVb"	589	0	0	753	0	0	0	0
"384"	"GC20130404"	"IVb"	602	0	0	0	0	0	20	0
"385"	"GC20130404"	"IVb"	607	0	0	972	0	0	0	0
"386"	"GC20130404"	"IVb"	608	0	0	245	0	225	116	0
"387"	"GC20130404"	"IVb"	611	0	0	32	0	0	0	0
"388"	"GC20130404"	"IVb"	616	0	0	54	0	0	23	0
"389"	"GC20130404"	"III"	520	0	0	0	0	0	0	0
"390"	"GC20130404"	"III"	528	0	0	149	144	0	0	0
"391"	"GC20130404"	"III"	529	0	0	0	0	35	14	0
"392"	"GC20130404"	"III"	533	0	0	0	34	0	0	0
"393"	"GC20130404"	"III"	540	0	0	0	63	0	87	0
"394"	"GC20130404"	"III"	545	0	0	0	109	0	0	0
"395"	"GC20130404"	"III"	552	0	0	31	0	0	0	0
"396"	"GC20130404"	"III"	561	0	0	0	0	0	24	0
"397"	"GC20130404"	"III"	567	0	0	21	0	0	0	0
"398"	"GC20130404"	"III"	570	0	0	0	0	78	0	0
"399"	"GC20130404"	"III"	573	0	0	2	0	28	18	0
"400"	"GC20130404"	"III"	575	0	0	0	39	0	0	0
"401"	"GC20130404"	"III"	578	0	0	539	0	183	90	0
"402"	"GC20130404"	"III"	581	0	0	0	0	299	123	0
"403"	"GC20130404"	"III"	583	0	0	0	13	85	0	0
"404"	"GC20130404"	"III"	585	0	0	0	0	140	180	0
"405"	"GC20130404"	"III"	586	0	0	0	0	99	68	0
"406"	"GC20130404"	"III"	603	0	0	0	0	0	64	0
"407"	"GC20130404"	"III"	604	0	0	0	0	0	129	0
"408"	"GC20130404"	"III"	614	0	0	0	0	298	158	0
"409"	"GC20130404"	"IVa"	523	0	0	209	31	0	27	0
"410"	"GC20130404"	"IVa"	524	0	0	81	6	0	0	0
"411"	"GC20130404"	"IVa"	535	0	0	758	0	0	0	0
"412"	"GC20130404"	"IVa"	537	0	0	337	160	0	0	0
"413"	"GC20130404"	"IVa"	538	0	0	269	318	0	0	0
"414"	"GC20130404"	"IVa"	549	0	0	0	0	62	0	0
"415"	"GC20130404"	"IVa"	550	0	0	0	0	0	0	0
"416"	"GC20130404"	"IVa"	551	0	0	0	0	0	57	0
"417"	"GC20130404"	"IVa"	555	0	0	111	10	0	0	0
"418"	"GC20130404"	"IVa"	558	0	0	120	54	0	50	0
"419"	"GC20130404"	"IVa"	571	0	0	433	33	0	0	0
"420"	"GC20130404"	"IVa"	582	0	0	47	325	0	0	0
"421"	"GC20130404"	"IVa"	590	0	0	0	50	0	0	0
"422"	"GC20130404"	"IVa"	591	0	0	184	0	0	0	0
"423"	"GC20130404"	"IVa"	592	0	0	0	0	0	0	0
"424"	"GC20130404"	"IVa"	597	0	0	25	0	0	0	0
"425"	"GC20130404"	"IVa"	598	0	0	79	42	0	0	0
"426"	"GC20130404"	"IVa"	601	0	0	147	87	146	0	0
"427"	"GC20130404"	"IVa"	612	0	0	0	0	50	0	0
"428"	"GC20130404"	"IVa"	615	0	0	219	58	0	80	0
"429"	"GC20130404"	"II"	525	0	0	47	23	0	0	0
"430"	"GC20130404"	"II"	531	0	0	8	0	0	251	0
"431"	"GC20130404"	"II"	539	0	0	0	0	35	13	0
"432"	"GC20130404"	"II"	544	0	0	0	0	141	0	0
"433"	"GC20130404"	"II"	546	0	0	0	0	0	0	0
"434"	"GC20130404"	"II"	547	0	0	0	0	494	411	0
"435"	"GC20130404"	"II"	554	0	0	0	0	0	86	0
"436"	"GC20130404"	"II"	557	0	0	78	85	0	0	0
"437"	"GC20130404"	"II"	566	0	0	0	0	0	0	0
"438"	"GC20130404"	"II"	569	0	0	30	0	0	0	0
"439"	"GC20130404"	"II"	576	0	0	0	0	105	83	0
"440"	"GC20130404"	"II"	593	0	0	0	0	0	0	0
"441"	"GC20130404"	"II"	594	0	0	14	0	0	0	0
"442"	"GC20130404"	"II"	595	0	0	0	0	8	627	0
"443"	"GC20130404"	"II"	596	0	0	7	0	0	99	0
"444"	"GC20130404"	"II"	600	0	0	0	0	175	194	0
"445"	"GC20130404"	"II"	613	0	0	0	0	0	0	0
"446"	"GC20130625"	"I"	617	0	0	0	0	72	148	0
"447"	"GC20130625"	"I"	627	0	0	0	0	0	0	0
"448"	"GC20130625"	"I"	631	0	0	0	0	0	0	0
"449"	"GC20130625"	"I"	634	0	0	0	0	28	41	0
"450"	"GC20130625"	"I"	650	0	0	0	0	68	284	0
"451"	"GC20130625"	"I"	656	0	0	0	0	0	276	0
"452"	"GC20130625"	"I"	668	0	0	0	0	9	640	0
"453"	"GC20130625"	"I"	671	0	0	0	0	0	0	0
"454"	"GC20130625"	"I"	672	0	0	0	0	115	39	0
"455"	"GC20130625"	"I"	679	0	0	0	0	2308	0	0
"456"	"GC20130625"	"I"	684	0	0	0	0	0	308	0
"457"	"GC20130625"	"I"	687	0	0	0	0	0	0	0
"458"	"GC20130625"	"I"	692	0	0	0	0	81	137	0
"459"	"GC20130625"	"I"	702	0	0	0	0	0	0	0
"460"	"GC20130625"	"I"	710	16	0	0	0	0	533	0
"461"	"GC20130625"	"I"	712	0	0	0	0	0	141	0
"462"	"GC20130625"	"I"	715	0	0	0	0	180	218	0
"463"	"GC20130625"	"I"	719	0	0	0	0	128	97	0
"464"	"GC20130625"	"II"	618	0	0	0	46	0	86	0
"465"	"GC20130625"	"II"	619	0	0	0	0	0	0	0
"466"	"GC20130625"	"II"	620	0	0	133	95	0	19	0
"467"	"GC20130625"	"II"	622	0	0	41	92	181	65	0
"468"	"GC20130625"	"II"	625	0	0	164	0	0	0	0
"469"	"GC20130625"	"II"	628	0	0	0	0	0	0	0
"470"	"GC20130625"	"II"	629	0	0	0	126	58	28	0
"471"	"GC20130625"	"II"	630	0	0	70	0	0	0	0
"472"	"GC20130625"	"II"	632	0	0	0	0	0	0	0
"473"	"GC20130625"	"II"	635	0	0	87	0	0	0	0
"474"	"GC20130625"	"II"	636	0	0	74	87	0	0	0
"475"	"GC20130625"	"II"	637	0	0	322	155	0	0	0
"476"	"GC20130625"	"II"	638	0	0	335	54	25	0	0
"477"	"GC20130625"	"II"	642	0	0	0	184	34	2	0
"478"	"GC20130625"	"II"	665	0	0	259	114	0	0	0
"479"	"GC20130625"	"II"	675	0	0	62	102	0	9	0
"480"	"GC20130625"	"II"	681	0	0	164	60	0	17	0
"481"	"GC20130625"	"II"	682	0	0	0	265	0	0	0
"482"	"GC20130625"	"II"	697	0	0	0	129	0	89	0
"483"	"GC20130625"	"III"	621	0	0	0	142	77	734	0
"484"	"GC20130625"	"III"	624	0	0	0	989	0	34	0
"485"	"GC20130625"	"III"	626	0	0	39	0	148	0	0
"486"	"GC20130625"	"III"	640	0	0	0	645	0	9	0
"487"	"GC20130625"	"III"	644	0	0	0	434	0	0	0
"488"	"GC20130625"	"III"	646	0	0	0	0	0	0	0
"489"	"GC20130625"	"III"	647	0	0	0	0	0	0	0
"490"	"GC20130625"	"III"	649	0	0	0	42	0	0	0
"491"	"GC20130625"	"III"	651	0	0	0	114	0	199	0
"492"	"GC20130625"	"III"	652	0	0	0	32	0	285	0
"493"	"GC20130625"	"III"	653	0	0	0	0	0	0	0
"494"	"GC20130625"	"III"	654	0	0	0	164	0	53	0
"495"	"GC20130625"	"III"	657	0	0	29	97	0	379	0
"496"	"GC20130625"	"III"	659	0	0	0	0	0	26	0
"497"	"GC20130625"	"III"	666	0	0	0	139	0	4	0
"498"	"GC20130625"	"III"	669	0	0	0	0	0	59	0
"499"	"GC20130625"	"III"	674	0	0	0	14	0	0	0
"500"	"GC20130625"	"III"	693	0	0	0	0	0	0	0
"501"	"GC20130625"	"III"	694	0	0	141	148	0	0	0
"502"	"GC20130625"	"III"	695	0	0	0	0	0	0	0
"503"	"GC20130625"	"IVa"	623	0	0	0	0	0	0	0
"504"	"GC20130625"	"IVa"	641	0	0	612	0	318	0	0
"505"	"GC20130625"	"IVa"	643	0	0	0	52	0	0	0
"506"	"GC20130625"	"IVa"	648	0	0	0	2	10	0	0
"507"	"GC20130625"	"IVa"	655	0	0	0	80	0	46	0
"508"	"GC20130625"	"IVa"	658	0	0	84	0	271	0	0
"509"	"GC20130625"	"IVa"	660	0	0	14	22	0	0	0
"510"	"GC20130625"	"IVa"	661	0	0	0	153	108	0	0
"511"	"GC20130625"	"IVa"	663	0	0	0	43	0	83	0
"512"	"GC20130625"	"IVa"	664	0	0	0	89	0	42	0
"513"	"GC20130625"	"IVa"	673	0	0	0	576	0	0	0
"514"	"GC20130625"	"IVa"	678	0	0	0	27	0	190	0
"515"	"GC20130625"	"IVa"	680	0	0	0	0	0	0	0
"516"	"GC20130625"	"IVa"	686	0	0	0	13	0	47	0
"517"	"GC20130625"	"IVa"	698	0	0	0	155	0	0	0
"518"	"GC20130625"	"IVa"	709	0	0	24	12	858	0	0
"519"	"GC20130625"	"IVa"	713	0	0	0	58	0	0	0
"520"	"GC20130625"	"IVb"	639	0	0	0	0	0	0	0
"521"	"GC20130625"	"IVb"	662	0	0	0	64	0	0	0
"522"	"GC20130625"	"IVb"	667	0	0	0	0	0	0	0
"523"	"GC20130625"	"IVb"	670	0	0	0	0	0	0	0
"524"	"GC20130625"	"IVb"	676	0	0	0	0	0	34	0
"525"	"GC20130625"	"IVb"	677	0	0	0	0	0	0	0
"526"	"GC20130625"	"IVb"	685	0	0	0	325	0	28	0
"527"	"GC20130625"	"IVb"	688	0	0	0	172	0	10	0
"528"	"GC20130625"	"IVb"	691	0	0	0	0	0	0	0
"529"	"GC20130625"	"IVb"	696	0	0	0	0	0	0	0
"530"	"GC20130625"	"IVb"	699	0	0	0	0	0	0	0
"531"	"GC20130625"	"IVb"	700	0	0	0	0	0	0	0
"532"	"GC20130625"	"IVb"	701	0	0	0	0	0	0	0
"533"	"GC20130625"	"IVb"	703	0	0	0	0	0	0	0
"534"	"GC20130625"	"IVb"	704	0	0	0	0	0	0	0
"535"	"GC20130625"	"IVb"	705	0	0	0	0	0	0	0
"536"	"GC20130625"	"IVb"	706	0	0	0	0	0	70	0
"537"	"GC20130625"	"IVb"	707	0	0	0	0	0	0	0
"538"	"GC20130625"	"IVb"	708	0	0	0	0	0	0	0
"539"	"GC20130625"	"IVb"	711	0	0	0	0	0	0	0
"540"	"GC20130625"	"IVb"	716	0	0	0	0	0	0	0
"541"	"GC20130625"	"IVb"	717	0	0	0	0	0	0	0
"542"	"GC20130625"	"IVb"	718	0	0	0	19	0	0	0
"543"	"GC20130625"	"IVb"	720	0	0	0	0	0	0	0
"544"	"GC20130912"	"III"	767	0	0	0	0	0	0	0
"545"	"GC20130912"	"III"	769	0	0	0	0	0	0	0
"546"	"GC20130912"	"III"	771	0	0	0	0	0	0	0
"547"	"GC20130912"	"III"	772	0	0	0	0	0	0	0
"548"	"GC20130912"	"III"	779	0	0	0	0	0	0	0
"549"	"GC20130912"	"III"	868	0	0	0	0	0	0	0
"550"	"GC20130912"	"III"	870	0	0	0	0	0	0	0
"551"	"GC20130912"	"III"	874	0	0	0	0	0	0	0
"552"	"GC20130912"	"III"	876	0	0	0	0	0	0	0
"553"	"GC20130912"	"III"	878	0	0	0	0	0	0	0
"554"	"GC20130912"	"III"	885	0	0	0	0	0	0	0
"555"	"GC20130912"	"III"	888	0	0	0	0	0	0	0
"556"	"GC20130912"	"I"	770	0	0	0	0	0	0	0
"557"	"GC20130912"	"I"	774	0	0	0	0	0	90	0
"558"	"GC20130912"	"I"	775	0	0	0	0	0	0	0
"559"	"GC20130912"	"I"	777	0	0	0	0	0	0	0
"560"	"GC20130912"	"I"	778	0	0	0	0	51	0	0
"561"	"GC20130912"	"I"	867	0	0	0	0	0	0	0
"562"	"GC20130912"	"I"	875	0	0	0	0	0	0	0
"563"	"GC20130912"	"I"	884	0	0	0	0	0	0	0
"564"	"GC20130912"	"I"	887	0	0	0	0	0	0	0
"565"	"GC20130912"	"IVa"	869	0	0	0	0	0	0	0
"566"	"GC20130912"	"IVa"	871	0	0	0	0	0	0	0
"567"	"GC20130912"	"IVa"	872	0	0	0	0	0	0	0
"568"	"GC20130912"	"IVa"	873	0	0	0	0	0	0	0
"569"	"GC20130912"	"IVa"	877	0	0	0	0	0	0	0
"570"	"GC20130912"	"IVa"	879	0	0	0	0	0	0	0
"571"	"GC20130912"	"IVa"	880	0	0	0	0	0	0	0
"572"	"GC20130912"	"IVa"	881	0	0	0	0	0	0	0
"573"	"GC20130912"	"IVa"	889	0	0	0	0	0	0	0
"574"	"GC20130912"	"IVa"	890	0	0	0	0	0	0	0
"575"	"GC20130912"	"II"	882	0	0	0	0	0	0	0
"576"	"GC20130912"	"II"	883	0	0	0	0	0	0	0
"577"	"GC20130912"	"II"	886	0	0	0	0	0	0	0
"578"	"GC20140109"	"I"	798	0	0	0	0	0	0	0
"579"	"GC20140109"	"I"	799	0	0	0	0	0	0	0
"580"	"GC20140109"	"I"	800	0	0	0	106	0	0	0
"581"	"GC20140109"	"I"	801	0	0	0	0	0	0	0
"582"	"GC20140109"	"I"	802	0	0	0	0	0	0	0
"583"	"GC20140109"	"I"	803	0	0	0	0	0	0	0
"584"	"GC20140109"	"I"	805	0	0	0	0	0	0	0
"585"	"GC20140109"	"I"	806	0	0	0	0	0	0	0
"586"	"GC20140109"	"I"	807	0	0	0	0	0	0	0
"587"	"GC20140109"	"I"	808	0	0	0	0	0	0	0
"588"	"GC20140109"	"I"	809	0	0	0	0	0	0	0
"589"	"GC20140109"	"I"	810	0	0	0	0	0	0	0
"590"	"GC20140109"	"II"	815	0	0	0	0	0	0	0
"591"	"GC20140109"	"II"	816	0	0	0	0	0	0	0
"592"	"GC20140109"	"II"	818	0	0	0	29	0	0	0
"593"	"GC20140109"	"II"	819	0	0	0	164	0	0	0
"594"	"GC20140109"	"II"	820	0	0	0	57	0	0	0
"595"	"GC20140109"	"II"	821	0	0	0	0	0	0	0
"596"	"GC20140109"	"II"	822	0	0	0	0	0	0	0
"597"	"GC20140109"	"II"	823	0	0	0	0	0	0	0
"598"	"GC20140109"	"II"	824	0	0	0	0	0	0	0
"599"	"GC20140109"	"II"	825	0	0	0	0	0	0	0
"600"	"GC20140109"	"II"	826	0	0	0	0	0	0	0
"601"	"GC20140109"	"II"	827	0	0	0	0	0	0	0
"602"	"GC20140109"	"II"	829	0	0	0	0	0	0	0
"603"	"GC20140109"	"II"	830	0	0	0	0	0	0	0
"604"	"GC20140109"	"II"	831	0	0	0	0	0	0	0
"605"	"GC20140109"	"II"	832	0	0	0	0	0	0	0
"606"	"GC20140109"	"II"	833	0	0	0	0	0	0	0
"607"	"GC20140109"	"III"	834	0	0	0	0	0	0	0
"608"	"GC20140109"	"III"	835	0	0	0	0	0	0	0
"609"	"GC20140109"	"III"	836	0	0	0	0	0	0	0
"610"	"GC20140109"	"III"	837	0	0	0	0	0	50	0
"611"	"GC20140109"	"III"	838	0	0	0	4	0	0	0
"612"	"GC20140109"	"III"	839	0	0	0	0	0	0	0
"613"	"GC20140109"	"III"	841	0	0	0	0	0	0	0
"614"	"GC20140109"	"III"	842	0	0	0	0	0	0	0
"615"	"GC20140109"	"III"	843	0	0	0	0	0	0	0
"616"	"GC20140109"	"III"	844	0	0	0	0	0	0	0
"617"	"GC20140109"	"III"	845	0	0	0	0	0	0	0
"618"	"GC20140109"	"III"	846	0	0	0	0	0	0	0
"619"	"GC20140109"	"III"	847	0	0	0	0	0	0	0
"620"	"GC20140109"	"III"	849	0	0	0	0	0	0	0
"621"	"GC20140109"	"III"	850	0	0	0	0	0	0	0
"622"	"GC20140109"	"III"	853	0	0	0	0	0	0	0
"623"	"GC20140109"	"IVa"	854	0	0	0	0	21	0	0
"624"	"GC20140109"	"IVa"	855	0	0	0	0	0	0	0
"625"	"GC20140109"	"IVa"	856	0	0	0	0	151	0	0
"626"	"GC20140109"	"IVa"	857	0	0	0	0	0	0	0
"627"	"GC20140109"	"IVa"	858	0	0	0	0	0	0	0
"628"	"GC20140109"	"IVa"	859	0	0	0	0	0	0	0
"629"	"GC20140109"	"IVa"	861	0	0	0	0	0	0	0
"630"	"GC20140109"	"IVa"	862	0	0	0	0	0	0	0
"631"	"GC20140109"	"IVa"	863	0	0	0	0	0	0	0
"632"	"GC20140109"	"IVa"	864	0	0	0	0	0	0	0
"633"	"GC20140109"	"IVa"	865	0	0	0	0	0	0	0
"634"	"GC20140109"	"IVa"	891	0	0	0	0	0	0	0
"635"	"GC20140109"	"IVa"	892	0	0	0	0	0	0	0
"636"	"GC20140109"	"IVa"	893	0	0	0	0	0	0	0
"637"	"GC20140109"	"IVa"	894	0	0	0	0	0	19	0
"638"	"GC20140109"	"IVa"	1001	0	0	0	0	0	0	0
"639"	"GC20140109"	"IVa"	1011	0	0	0	0	0	0	0
"640"	"GC20140109"	"IVa"	1013	0	0	0	0	12	0	0
"641"	"GC20140109"	"IVa"	1014	0	0	0	0	0	2	0
"642"	"GC20140109"	"IVa"	1015	0	0	0	0	0	19	0
"643"	"GC20140109"	"IVa"	1017	0	0	0	0	0	0	0
"644"	"GC20140109"	"IVa"	1018	0	0	0	0	18	0	0
"645"	"GC20140109"	"IVa"	1019	0	0	0	0	0	0	0
"646"	"GC20140109"	"IVa"	1020	0	0	0	0	0	22	0
"647"	"GC20140109"	"IVa"	1021	0	0	0	0	9	15	0
"648"	"GC20140109"	"IVa"	1022	0	0	0	0	0	0	0
"649"	"GC20140109"	"IVa"	1024	0	0	0	0	0	0	0
"650"	"GC20140109"	"IVa"	1026	0	0	0	0	0	33	0
"651"	"GC20140109"	"IVb"	895	0	0	0	0	0	0	0
"652"	"GC20140109"	"IVb"	896	0	0	0	0	21	0	0
"653"	"GC20140109"	"IVb"	897	0	0	0	173	0	2	0
"654"	"GC20140109"	"IVb"	898	0	0	0	0	0	0	0
"655"	"GC20140109"	"IVb"	1004	0	0	0	18	0	104	0
"656"	"GC20140109"	"IVb"	1010	0	0	0	0	0	0	0
"657"	"GC20140109"	"IVb"	1016	0	0	0	7	0	99	0
"658"	"GC20140109"	"IVb"	1023	0	0	0	0	0	0	0
"659"	"GC20140109"	"IVb"	1025	0	0	0	4	0	61	0
"660"	"GC20140403"	"II"	63	0	0	0	0	0	0	0
"661"	"GC20140403"	"II"	902	0	0	0	0	0	0	0
"662"	"GC20140403"	"II"	925	0	0	8	0	0	0	0
"663"	"GC20140403"	"II"	930	0	0	229	0	51	0	0
"664"	"GC20140403"	"II"	940	0	0	0	0	0	0	0
"665"	"GC20140403"	"II"	943	0	0	38	29	0	0	0
"666"	"GC20140403"	"II"	944	0	0	0	0	0	0	0
"667"	"GC20140403"	"II"	950	0	0	0	8	61	252	0
"668"	"GC20140403"	"II"	956	0	0	0	0	0	28	0
"669"	"GC20140403"	"II"	968	0	0	0	0	0	21	0
"670"	"GC20140403"	"II"	970	0	0	0	27	0	0	0
"671"	"GC20140403"	"II"	971	0	0	0	0	0	0	0
"672"	"GC20140403"	"II"	977	0	0	0	0	0	0	0
"673"	"GC20140403"	"II"	979	0	0	0	0	5	119	0
"674"	"GC20140403"	"II"	980	0	0	0	0	38	94	0
"675"	"GC20140403"	"II"	987	0	0	12	0	0	0	0
"676"	"GC20140403"	"II"	989	0	0	0	0	0	0	0
"677"	"GC20140403"	"II"	990	0	0	0	0	0	0	0
"678"	"GC20140403"	"II"	992	0	0	0	0	0	0	0
"679"	"GC20140403"	"II"	999	0	0	0	0	41	0	0
"680"	"GC20140403"	"II"	1002	0	0	0	0	0	0	0
"681"	"GC20140403"	"IVb"	900	0	0	0	0	0	0	0
"682"	"GC20140403"	"IVb"	904	0	0	0	0	0	0	0
"683"	"GC20140403"	"IVb"	916	0	0	11	0	0	0	0
"684"	"GC20140403"	"IVb"	917	0	0	0	0	0	0	0
"685"	"GC20140403"	"IVb"	922	0	0	5	0	0	0	0
"686"	"GC20140403"	"IVb"	923	0	0	0	0	0	84	0
"687"	"GC20140403"	"IVb"	924	0	0	0	0	0	0	0
"688"	"GC20140403"	"IVb"	926	0	0	0	0	0	4	0
"689"	"GC20140403"	"IVb"	928	0	0	0	0	46	0	0
"690"	"GC20140403"	"IVb"	929	0	0	0	0	0	0	0
"691"	"GC20140403"	"IVb"	931	0	0	0	0	0	0	0
"692"	"GC20140403"	"IVb"	932	0	0	0	0	0	0	0
"693"	"GC20140403"	"IVb"	935	0	0	0	0	0	38	0
"694"	"GC20140403"	"IVb"	939	0	0	0	0	0	0	0
"695"	"GC20140403"	"IVb"	959	0	0	0	0	0	152	0
"696"	"GC20140403"	"IVb"	966	0	0	0	0	0	0	0
"697"	"GC20140403"	"IVb"	967	0	0	0	0	0	128	0
"698"	"GC20140403"	"IVb"	998	0	0	0	0	112	0	0
"699"	"GC20140403"	"IVb"	1007	0	0	0	0	0	254	0
"700"	"GC20140403"	"III"	901	0	0	0	0	0	55	0
"701"	"GC20140403"	"III"	905	0	0	0	97	0	0	0
"702"	"GC20140403"	"III"	913	0	0	0	0	0	0	0
"703"	"GC20140403"	"III"	948	0	0	0	0	0	0	0
"704"	"GC20140403"	"III"	952	0	0	0	20	0	9	0
"705"	"GC20140403"	"III"	953	0	0	0	29	0	0	0
"706"	"GC20140403"	"III"	954	0	0	15	0	0	0	0
"707"	"GC20140403"	"III"	955	0	0	0	62	0	0	0
"708"	"GC20140403"	"III"	962	0	0	0	0	0	0	0
"709"	"GC20140403"	"III"	969	0	0	0	0	0	0	0
"710"	"GC20140403"	"III"	976	0	0	0	48	78	0	0
"711"	"GC20140403"	"III"	978	0	0	0	15	25	30	0
"712"	"GC20140403"	"III"	981	0	0	0	12	0	0	0
"713"	"GC20140403"	"III"	982	0	0	0	0	0	0	0
"714"	"GC20140403"	"III"	983	0	0	0	0	0	0	0
"715"	"GC20140403"	"III"	984	0	0	0	0	0	0	0
"716"	"GC20140403"	"III"	985	0	0	0	0	0	0	0
"717"	"GC20140403"	"III"	986	0	0	0	0	0	0	0
"718"	"GC20140403"	"III"	988	0	0	0	0	41	14	0
"719"	"GC20140403"	"III"	994	0	0	0	0	0	91	0
"720"	"GC20140403"	"III"	1000	0	0	0	81	0	85	0
"721"	"GC20140403"	"III"	1003	0	0	0	0	0	169	0
"722"	"GC20140403"	"I"	903	0	0	0	0	0	0	0
"723"	"GC20140403"	"I"	906	0	0	0	0	0	0	0
"724"	"GC20140403"	"I"	912	0	0	0	0	0	0	0
"725"	"GC20140403"	"I"	918	0	1	0	0	0	0	0
"726"	"GC20140403"	"I"	920	0	0	0	0	0	0	0
"727"	"GC20140403"	"I"	934	0	0	0	0	0	38	0
"728"	"GC20140403"	"I"	936	0	0	0	0	0	1	0
"729"	"GC20140403"	"I"	941	0	0	0	0	0	0	0
"730"	"GC20140403"	"I"	942	0	0	0	0	0	0	0
"731"	"GC20140403"	"I"	945	0	0	0	0	30	42	0
"732"	"GC20140403"	"I"	946	0	0	0	0	0	0	0
"733"	"GC20140403"	"I"	960	0	0	0	0	0	0	0
"734"	"GC20140403"	"I"	961	0	0	0	0	143	0	0
"735"	"GC20140403"	"I"	964	0	0	0	0	0	0	0
"736"	"GC20140403"	"I"	965	0	0	0	0	0	0	0
"737"	"GC20140403"	"I"	975	0	0	0	0	438	96	0
"738"	"GC20140403"	"I"	1009	0	0	0	0	0	0	0
"739"	"GC20140403"	"IVa"	907	0	0	0	0	0	0	0
"740"	"GC20140403"	"IVa"	908	0	0	0	0	0	0	0
"741"	"GC20140403"	"IVa"	909	0	0	0	0	0	0	0
"742"	"GC20140403"	"IVa"	910	0	0	13	27	0	131	0
"743"	"GC20140403"	"IVa"	911	0	0	0	0	0	0	0
"744"	"GC20140403"	"IVa"	914	0	0	0	0	0	0	0
"745"	"GC20140403"	"IVa"	919	0	0	0	0	0	0	0
"746"	"GC20140403"	"IVa"	921	0	0	0	1	0	0	0
"747"	"GC20140403"	"IVa"	933	0	0	0	3	0	0	0
"748"	"GC20140403"	"IVa"	947	0	0	0	0	0	0	0
"749"	"GC20140403"	"IVa"	951	0	0	0	0	0	0	0
"750"	"GC20140403"	"IVa"	957	0	0	0	0	0	0	0
"751"	"GC20140403"	"IVa"	958	0	0	73	0	0	0	0
"752"	"GC20140403"	"IVa"	963	0	0	0	0	0	0	0
"753"	"GC20140403"	"IVa"	972	0	0	2	19	0	0	0
"754"	"GC20140403"	"IVa"	974	0	0	11	0	0	0	0
"755"	"GC20140403"	"IVa"	991	0	0	0	0	0	0	0
"756"	"GC20140403"	"IVa"	993	0	0	0	8	24	152	0
"757"	"GC20140403"	"IVa"	995	0	0	0	0	0	2	0
"758"	"GC20140403"	"IVa"	1006	0	0	13	16	0	54	0
"759"	"GC20140403"	"IVa"	1008	0	0	2	0	0	0	0
"760"	"GC20140626"	"IVa"	1027	0	0	0	0	0	0	0
"761"	"GC20140626"	"IVa"	1036	0	0	0	0	0	0	0
"762"	"GC20140626"	"IVa"	1040	0	0	0	0	0	0	0
"763"	"GC20140626"	"IVa"	1044	0	0	0	0	0	0	0
"764"	"GC20140626"	"IVa"	1049	0	0	0	0	0	0	0
"765"	"GC20140626"	"IVa"	1053	0	0	0	0	0	0	0
"766"	"GC20140626"	"IVa"	1054	0	0	0	96	0	0	0
"767"	"GC20140626"	"IVa"	1060	0	0	0	0	0	0	0
"768"	"GC20140626"	"IVa"	1073	0	0	0	0	0	0	0
"769"	"GC20140626"	"IVa"	1075	0	0	0	0	0	0	0
"770"	"GC20140626"	"IVa"	1077	0	0	0	0	0	0	0
"771"	"GC20140626"	"IVa"	1085	0	0	0	0	0	0	0
"772"	"GC20140626"	"IVa"	1108	0	0	0	0	0	0	0
"773"	"GC20140626"	"IVa"	1109	0	0	0	0	0	0	0
"774"	"GC20140626"	"IVa"	1110	0	0	0	0	0	0	0
"775"	"GC20140626"	"IVa"	1111	0	0	0	12	0	0	0
"776"	"GC20140626"	"IVa"	1118	0	0	0	0	0	0	0
"777"	"GC20140626"	"IVa"	1120	0	0	0	0	0	0	0
"778"	"GC20140626"	"IVa"	1121	0	0	0	0	0	0	0
"779"	"GC20140626"	"I"	1028	0	0	0	0	0	0	0
"780"	"GC20140626"	"I"	1032	0	0	0	0	0	0	0
"781"	"GC20140626"	"I"	1037	0	0	0	0	0	0	0
"782"	"GC20140626"	"I"	1048	0	0	0	0	0	0	0
"783"	"GC20140626"	"I"	1058	0	0	0	0	68	15	0
"784"	"GC20140626"	"I"	1059	0	0	0	0	0	0	0
"785"	"GC20140626"	"I"	1071	0	0	0	0	0	0	0
"786"	"GC20140626"	"I"	1086	0	0	0	164	0	0	0
"787"	"GC20140626"	"I"	1088	0	0	0	0	0	0	0
"788"	"GC20140626"	"I"	1091	0	0	0	0	0	108	0
"789"	"GC20140626"	"I"	1094	0	0	0	0	0	0	0
"790"	"GC20140626"	"I"	1096	0	0	0	121	0	0	0
"791"	"GC20140626"	"I"	1098	0	0	0	0	0	0	0
"792"	"GC20140626"	"I"	1099	0	0	0	0	0	0	0
"793"	"GC20140626"	"I"	1100	0	0	0	57	0	0	0
"794"	"GC20140626"	"I"	1102	0	0	0	0	1	0	0
"795"	"GC20140626"	"I"	1105	0	0	0	0	90	0	0
"796"	"GC20140626"	"I"	1112	0	0	0	0	0	0	0
"797"	"GC20140626"	"I"	1115	311	0	0	0	0	0	0
"798"	"GC20140626"	"III"	1029	0	0	0	0	0	0	0
"799"	"GC20140626"	"III"	1030	0	0	0	0	0	0	0
"800"	"GC20140626"	"III"	1033	0	0	0	0	0	0	0
"801"	"GC20140626"	"III"	1038	0	0	0	0	0	0	0
"802"	"GC20140626"	"III"	1039	0	0	0	0	0	0	0
"803"	"GC20140626"	"III"	1041	0	0	0	20	0	26	0
"804"	"GC20140626"	"III"	1042	0	0	0	0	0	0	0
"805"	"GC20140626"	"III"	1043	0	0	0	23	4	34	0
"806"	"GC20140626"	"III"	1045	0	0	0	0	0	0	0
"807"	"GC20140626"	"III"	1047	0	0	0	0	0	0	0
"808"	"GC20140626"	"III"	1050	0	0	0	0	0	0	0
"809"	"GC20140626"	"III"	1051	0	0	0	0	0	0	0
"810"	"GC20140626"	"III"	1055	0	0	0	0	0	0	0
"811"	"GC20140626"	"III"	1056	0	0	0	32	0	0	0
"812"	"GC20140626"	"III"	1062	0	0	0	81	0	0	0
"813"	"GC20140626"	"III"	1063	0	0	0	0	0	0	0
"814"	"GC20140626"	"III"	1101	0	0	0	0	0	0	0
"815"	"GC20140626"	"III"	1103	0	0	0	0	0	0	0
"816"	"GC20140626"	"III"	1107	0	0	0	0	0	0	0
"817"	"GC20140626"	"III"	1114	0	0	0	1	0	6	0
"818"	"GC20140626"	"III"	1119	0	0	0	0	0	0	0
"819"	"GC20140626"	"III"	1127	0	0	0	34	0	0	0
"820"	"GC20140626"	"II"	1034	0	0	0	0	0	0	0
"821"	"GC20140626"	"II"	1046	0	0	0	31	0	0	0
"822"	"GC20140626"	"II"	1066	0	0	0	29	0	0	0
"823"	"GC20140626"	"II"	1067	0	0	0	0	0	0	0
"824"	"GC20140626"	"II"	1068	0	0	0	0	0	0	0
"825"	"GC20140626"	"II"	1070	0	0	0	112	0	0	0
"826"	"GC20140626"	"II"	1072	0	0	0	0	0	0	0
"827"	"GC20140626"	"II"	1074	0	0	0	0	0	0	0
"828"	"GC20140626"	"II"	1078	0	0	0	100	0	8	0
"829"	"GC20140626"	"II"	1079	0	0	0	81	0	0	0
"830"	"GC20140626"	"II"	1080	0	0	0	0	0	0	0
"831"	"GC20140626"	"II"	1095	0	0	0	452	0	0	0
"832"	"GC20140626"	"II"	1097	0	0	0	0	0	0	0
"833"	"GC20140626"	"II"	1104	0	0	0	1061	0	0	0
"834"	"GC20140626"	"II"	1106	0	0	0	104	0	0	0
"835"	"GC20140626"	"II"	1113	0	0	0	85	0	0	0
"836"	"GC20140626"	"II"	1116	0	0	0	30	0	0	0
"837"	"GC20140626"	"II"	1117	0	0	0	11	0	0	0
"838"	"GC20140626"	"II"	1123	0	0	0	32	0	0	0
"839"	"GC20140626"	"IVb"	1035	0	0	0	0	0	0	0
"840"	"GC20140626"	"IVb"	1052	0	0	0	0	0	0	0
"841"	"GC20140626"	"IVb"	1057	0	0	0	0	0	0	0
"842"	"GC20140626"	"IVb"	1064	0	0	0	0	0	0	0
"843"	"GC20140626"	"IVb"	1065	0	0	0	0	0	0	0
"844"	"GC20140626"	"IVb"	1069	0	0	0	0	0	0	0
"845"	"GC20140626"	"IVb"	1076	0	0	0	40	0	0	0
"846"	"GC20140626"	"IVb"	1081	0	0	0	0	0	0	0
"847"	"GC20140626"	"IVb"	1082	0	0	0	0	0	0	0
"848"	"GC20140626"	"IVb"	1084	0	0	0	0	0	0	0
"849"	"GC20140626"	"IVb"	1087	0	0	0	0	0	0	0
"850"	"GC20140626"	"IVb"	1089	0	0	0	0	0	0	0
"851"	"GC20140626"	"IVb"	1092	0	0	0	0	0	0	0
"852"	"GC20140626"	"IVb"	1093	0	0	0	0	0	0	0
"853"	"GC20140626"	"IVb"	1124	0	0	0	0	0	0	0
"854"	"GC20140626"	"IVb"	1125	0	0	0	0	0	0	0
"855"	"GC20140626"	"IVb"	1126	0	0	0	0	0	0	0
"856"	"GC20140911"	"III"	1128	0	0	0	0	0	0	0
"857"	"GC20140911"	"III"	1136	0	0	0	0	0	0	0
"858"	"GC20140911"	"III"	1137	0	0	0	387	0	0	0
"859"	"GC20140911"	"III"	1138	0	0	0	0	0	0	0
"860"	"GC20140911"	"III"	1145	0	0	0	0	0	0	0
"861"	"GC20140911"	"III"	1163	0	0	0	33	0	0	0
"862"	"GC20140911"	"III"	1170	0	0	0	0	0	0	0
"863"	"GC20140911"	"III"	1181	0	0	0	0	0	0	0
"864"	"GC20140911"	"III"	1185	0	0	0	0	0	0	0
"865"	"GC20140911"	"III"	1190	0	0	0	12	0	0	0
"866"	"GC20140911"	"III"	1191	0	0	0	0	0	0	0
"867"	"GC20140911"	"III"	1194	0	0	0	66	0	0	0
"868"	"GC20140911"	"III"	1196	0	0	0	0	0	0	0
"869"	"GC20140911"	"III"	1198	0	0	0	18	0	0	0
"870"	"GC20140911"	"III"	1203	0	0	0	9	0	0	0
"871"	"GC20140911"	"III"	1204	0	0	0	0	0	0	0
"872"	"GC20140911"	"III"	1207	0	0	0	0	0	0	0
"873"	"GC20140911"	"III"	1208	0	0	0	0	0	0	0
"874"	"GC20140911"	"III"	1209	0	0	0	22	0	0	0
"875"	"GC20140911"	"III"	1210	0	0	15	241	0	0	0
"876"	"GC20140911"	"III"	1214	0	0	0	0	0	0	0
"877"	"GC20140911"	"IVa"	1129	0	0	0	0	0	0	0
"878"	"GC20140911"	"IVa"	1132	0	0	0	0	0	0	0
"879"	"GC20140911"	"IVa"	1133	0	0	0	1	0	0	0
"880"	"GC20140911"	"IVa"	1142	0	0	0	0	1	0	0
"881"	"GC20140911"	"IVa"	1151	0	0	0	0	0	0	0
"882"	"GC20140911"	"IVa"	1152	0	0	0	0	0	0	0
"883"	"GC20140911"	"IVa"	1156	0	0	0	0	0	0	0
"884"	"GC20140911"	"IVa"	1158	0	0	0	0	0	0	0
"885"	"GC20140911"	"IVa"	1159	0	0	0	0	0	0	0
"886"	"GC20140911"	"IVa"	1167	0	0	0	0	0	0	0
"887"	"GC20140911"	"IVa"	1168	0	0	0	15	0	0	0
"888"	"GC20140911"	"IVa"	1171	0	0	0	0	0	0	0
"889"	"GC20140911"	"IVa"	1177	0	0	0	0	0	0	0
"890"	"GC20140911"	"IVa"	1179	0	0	0	0	0	0	0
"891"	"GC20140911"	"IVa"	1180	0	0	0	0	0	0	0
"892"	"GC20140911"	"IVa"	1182	0	0	0	0	0	0	0
"893"	"GC20140911"	"IVa"	1183	0	0	0	0	0	0	0
"894"	"GC20140911"	"IVa"	1192	0	0	8	78	0	0	0
"895"	"GC20140911"	"IVa"	1197	0	0	0	0	0	0	0
"896"	"GC20140911"	"IVa"	1220	0	0	0	0	0	0	0
"897"	"GC20140911"	"I"	1131	0	0	0	0	0	0	0
"898"	"GC20140911"	"I"	1134	0	0	0	0	0	0	0
"899"	"GC20140911"	"I"	1135	0	0	0	0	77	0	0
"900"	"GC20140911"	"I"	1141	0	0	0	0	0	0	0
"901"	"GC20140911"	"I"	1144	25	0	0	0	8	0	0
"902"	"GC20140911"	"I"	1148	0	0	0	0	0	0	0
"903"	"GC20140911"	"I"	1150	0	0	0	0	121	0	0
"904"	"GC20140911"	"I"	1153	0	0	0	0	0	0	0
"905"	"GC20140911"	"I"	1155	0	0	0	0	103	0	0
"906"	"GC20140911"	"I"	1161	0	0	0	0	0	0	0
"907"	"GC20140911"	"I"	1169	0	62	0	0	0	0	0
"908"	"GC20140911"	"I"	1175	0	0	0	0	0	0	0
"909"	"GC20140911"	"I"	1176	0	0	0	0	0	0	0
"910"	"GC20140911"	"I"	1201	0	0	0	0	0	0	0
"911"	"GC20140911"	"I"	1213	0	0	0	0	0	0	0
"912"	"GC20140911"	"II"	1139	0	0	0	0	0	0	0
"913"	"GC20140911"	"II"	1140	0	0	0	56	0	0	0
"914"	"GC20140911"	"II"	1143	0	0	0	0	0	0	0
"915"	"GC20140911"	"II"	1147	0	0	0	0	0	0	0
"916"	"GC20140911"	"II"	1157	0	0	0	0	0	0	0
"917"	"GC20140911"	"II"	1160	0	0	0	20	0	0	0
"918"	"GC20140911"	"II"	1162	0	0	0	0	0	0	0
"919"	"GC20140911"	"II"	1164	0	0	0	0	0	0	0
"920"	"GC20140911"	"II"	1165	0	0	0	0	0	0	0
"921"	"GC20140911"	"II"	1166	0	0	0	0	0	0	0
"922"	"GC20140911"	"II"	1188	0	0	0	0	0	0	0
"923"	"GC20140911"	"II"	1189	0	0	0	0	0	0	0
"924"	"GC20140911"	"II"	1195	0	0	0	0	0	0	0
"925"	"GC20140911"	"II"	1202	0	0	0	11	0	0	0
"926"	"GC20140911"	"II"	1217	0	0	0	32	0	0	0
"927"	"GC20140911"	"II"	1218	0	0	0	0	0	0	0
"928"	"GC20140911"	"IVb"	1173	0	0	0	0	0	0	0
"929"	"GC20140911"	"IVb"	1186	0	0	0	0	0	0	0
"930"	"GC20140911"	"IVb"	1199	0	0	0	0	0	0	0
"931"	"GC20140911"	"IVb"	1211	0	0	0	0	0	0	0
"932"	"GC20140911"	"IVb"	1215	0	0	0	0	0	0	0
"933"	"GC20140911"	"IVb"	1216	0	0	0	0	0	0	0
"934"	"GC20140911"	"IVb"	1224	0	0	0	0	0	0	0
"935"	"GC20140911"	"IVb"	1225	0	0	0	0	0	0	0
"936"	"GC20140911"	"IVb"	1226	0	0	0	0	0	0	0
"937"	"GC20150108"	"IVa"	1227	0	0	6	0	17	104	0
"938"	"GC20150108"	"IVa"	1229	0	0	0	0	0	0	0
"939"	"GC20150108"	"IVa"	1231	0	0	0	0	38	0	0
"940"	"GC20150108"	"IVa"	1234	0	0	0	0	0	0	0
"941"	"GC20150108"	"IVa"	1243	0	0	0	0	0	0	0
"942"	"GC20150108"	"IVa"	1251	0	0	0	0	0	0	0
"943"	"GC20150108"	"IVa"	1262	0	0	0	0	0	0	0
"944"	"GC20150108"	"IVa"	1266	0	0	0	0	0	0	0
"945"	"GC20150108"	"IVa"	1269	0	0	0	0	0	0	0
"946"	"GC20150108"	"IVa"	1270	0	0	0	0	0	0	0
"947"	"GC20150108"	"IVa"	1291	0	0	0	70	0	0	0
"948"	"GC20150108"	"IVa"	1295	0	0	0	0	0	35	0
"949"	"GC20150108"	"IVa"	1296	0	0	0	0	37	0	0
"950"	"GC20150108"	"IVa"	1304	0	0	0	0	0	0	0
"951"	"GC20150108"	"IVa"	1305	0	0	0	0	0	0	0
"952"	"GC20150108"	"IVa"	1310	0	0	0	0	0	0	0
"953"	"GC20150108"	"IVa"	1311	0	0	0	0	0	0	0
"954"	"GC20150108"	"IVa"	1318	0	0	0	0	0	0	0
"955"	"GC20150108"	"IVa"	1323	0	0	0	0	0	0	0
"956"	"GC20150108"	"II"	1228	0	0	0	250	0	0	0
"957"	"GC20150108"	"II"	1232	0	0	0	86	0	0	0
"958"	"GC20150108"	"II"	1237	0	0	0	15	0	0	0
"959"	"GC20150108"	"II"	1238	0	0	0	44	0	0	0
"960"	"GC20150108"	"II"	1239	0	0	0	514	0	0	0
"961"	"GC20150108"	"II"	1249	0	0	0	0	0	0	0
"962"	"GC20150108"	"II"	1253	0	0	0	4	0	0	0
"963"	"GC20150108"	"II"	1259	0	0	0	175	0	0	0
"964"	"GC20150108"	"II"	1276	0	0	0	68	22	0	0
"965"	"GC20150108"	"II"	1277	0	0	0	10	0	0	0
"966"	"GC20150108"	"II"	1281	0	0	0	56	0	0	0
"967"	"GC20150108"	"II"	1289	0	0	0	0	0	0	0
"968"	"GC20150108"	"II"	1293	0	0	0	0	0	0	0
"969"	"GC20150108"	"II"	1294	0	0	0	0	0	0	0
"970"	"GC20150108"	"II"	1297	0	0	0	693	0	0	0
"971"	"GC20150108"	"II"	1312	0	0	0	15	0	0	0
"972"	"GC20150108"	"II"	1315	0	0	0	0	0	0	0
"973"	"GC20150108"	"II"	1316	0	0	0	112	0	0	0
"974"	"GC20150108"	"II"	1322	0	0	0	92	0	0	0
"975"	"GC20150108"	"II"	1324	0	0	0	32	0	0	0
"976"	"GC20150108"	"I"	1230	0	0	0	604	0	0	0
"977"	"GC20150108"	"I"	1240	0	0	0	0	0	0	0
"978"	"GC20150108"	"I"	1241	0	0	0	0	0	0	0
"979"	"GC20150108"	"I"	1264	0	0	0	0	0	0	0
"980"	"GC20150108"	"I"	1267	0	0	0	0	0	0	0
"981"	"GC20150108"	"I"	1280	0	0	0	0	0	0	0
"982"	"GC20150108"	"I"	1283	0	0	0	0	0	0	0
"983"	"GC20150108"	"I"	1284	0	0	0	0	33	0	0
"984"	"GC20150108"	"I"	1298	0	0	0	0	0	0	0
"985"	"GC20150108"	"I"	1299	0	0	0	0	0	0	0
"986"	"GC20150108"	"I"	1300	0	0	0	0	0	0	0
"987"	"GC20150108"	"I"	1308	0	0	0	109	0	0	0
"988"	"GC20150108"	"I"	1309	0	0	0	0	0	0	0
"989"	"GC20150108"	"I"	1313	0	0	0	0	0	0	0
"990"	"GC20150108"	"I"	1314	0	0	0	0	0	0	0
"991"	"GC20150108"	"I"	1317	0	0	0	100	0	0	0
"992"	"GC20150108"	"IVb"	1235	0	0	0	0	0	0	0
"993"	"GC20150108"	"IVb"	1236	0	0	0	0	0	0	0
"994"	"GC20150108"	"IVb"	1244	0	0	0	0	0	0	0
"995"	"GC20150108"	"IVb"	1246	0	0	0	0	0	0	0
"996"	"GC20150108"	"IVb"	1248	0	0	0	0	0	0	0
"997"	"GC20150108"	"IVb"	1250	0	0	0	0	0	0	0
"998"	"GC20150108"	"IVb"	1255	0	0	0	0	0	0	0
"999"	"GC20150108"	"IVb"	1256	0	0	0	0	0	0	0
"1000"	"GC20150108"	"IVb"	1257	0	0	0	0	0	0	0
"1001"	"GC20150108"	"IVb"	1268	0	0	0	0	0	0	0
"1002"	"GC20150108"	"IVb"	1271	0	0	0	0	0	0	0
"1003"	"GC20150108"	"IVb"	1273	0	0	0	0	0	0	0
"1004"	"GC20150108"	"IVb"	1274	0	0	0	0	0	0	0
"1005"	"GC20150108"	"IVb"	1279	0	0	0	0	0	0	0
"1006"	"GC20150108"	"IVb"	1285	0	0	0	0	7	0	0
"1007"	"GC20150108"	"IVb"	1286	0	0	0	0	0	0	0
"1008"	"GC20150108"	"IVb"	1287	0	0	0	0	0	0	0
"1009"	"GC20150108"	"IVb"	1290	0	0	0	0	0	0	0
"1010"	"GC20150108"	"IVb"	1303	0	0	0	0	0	0	0
"1011"	"GC20150108"	"III"	1245	0	0	0	0	0	0	0
"1012"	"GC20150108"	"III"	1252	0	0	0	0	0	0	0
"1013"	"GC20150108"	"III"	1254	0	0	0	0	0	0	0
"1014"	"GC20150108"	"III"	1258	0	0	0	106	0	0	0
"1015"	"GC20150108"	"III"	1260	0	0	0	0	0	0	0
"1016"	"GC20150108"	"III"	1261	0	0	0	0	0	0	0
"1017"	"GC20150108"	"III"	1263	0	0	0	0	0	0	0
"1018"	"GC20150108"	"III"	1265	0	0	0	30	0	0	0
"1019"	"GC20150108"	"III"	1272	0	0	0	20	0	0	0
"1020"	"GC20150108"	"III"	1278	0	0	0	38	0	0	0
"1021"	"GC20150108"	"III"	1282	0	0	0	115	0	0	0
"1022"	"GC20150108"	"III"	1288	0	0	0	0	0	0	0
"1023"	"GC20150108"	"III"	1292	0	0	0	213	0	0	0
"1024"	"GC20150108"	"III"	1301	0	0	0	18	0	0	0
"1025"	"GC20150108"	"III"	1302	0	0	0	0	0	0	0
"1026"	"GC20150108"	"III"	1306	0	0	0	0	0	0	0
"1027"	"GC20150108"	"III"	1320	0	0	0	0	0	0	0
"1028"	"GC20150108"	"III"	1325	0	0	0	0	0	0	0
