"trip"	"site"	"1"	"2"	"3"	"4"	"5"	"6"	"7"	"8"	"9"	"10"	"11"	"12"	"13"	"14"	"15"	"16"	"17"	"18"	"19"	"20"	"21"	"22"	"23"	"24"	"25"	"26"	"27"	"28"	"29"	"30"	"31"	"32"	"33"	"34"	"35"	"36"	"37"	"38"	"39"	"40"	"41"	"42"	"43"	"44"	"45"	"46"	"47"	"48"	"49"	"50"	"51"	"52"	"53"	"54"	"55"	"56"	"57"	"58"	"59"	"60"	"61"	"62"	"63"	"64"	"65"	"66"	"67"	"68"	"69"	"70"	"71"	"72"	"73"	"74"	"75"	"76"	"77"	"78"
"1"	"GC20120419"	"I"	17	5	0	0	0	0	3	3	1	3	1	0	0	1	0	0	0	0	0	0	1	0	0	0	0	0	0	0	0	3	1	1	0	0	0	0	0	0	0	0	0	4	40	96	47	13	0	0	133	333	241	101	63	24	5	1	1	0	0	794	409	104	24	7	3	4	0	0	1	0	0	0	0	0	0	0	0	0
"2"	"GC20120419"	"II"	12	3	0	0	0	0	14	29	14	4	4	1	1	0	0	0	0	0	0	0	0	2	0	4	2	1	0	0	0	89	203	127	42	8	1	2	0	1	0	0	0	13	487	1085	648	219	31	4	129	1402	2318	2082	1421	976	382	52	0	0	0	2976	3226	1071	140	28	8	3	5	2	3	1	3	1	0	0	0	0	0	0
"3"	"GC20120419"	"III"	7	0	0	0	0	0	16	11	8	2	1	1	0	0	0	0	0	0	0	0	0	0	0	2	1	2	0	0	0	110	405	164	56	19	3	0	1	0	0	0	0	56	1170	1912	617	92	10	1	192	2551	5156	3587	2032	973	154	5	15	0	0	2853	3098	1073	196	14	4	4	0	2	1	0	0	0	0	0	0	0	0	0
"4"	"GC20120419"	"IVa"	2	0	0	0	0	0	8	13	6	7	3	0	0	0	0	0	0	0	1	0	0	0	2	2	1	0	0	0	0	94	519	236	88	46	5	3	3	0	0	0	0	10	1079	3663	1460	268	33	0	686	4818	9516	6018	2919	1331	94	0	0	0	0	2853	4827	2012	370	79	14	2	6	4	1	3	0	0	0	1	0	0	0	0
"5"	"GC20120419"	"IVb"	3	0	1	0	0	0	13	12	4	2	2	0	1	0	0	0	0	0	0	0	0	0	0	0	2	0	0	0	0	88	350	210	58	25	2	0	0	0	0	0	0	10	1186	3276	1126	105	6	0	934	4591	6368	3728	1433	444	35	0	0	0	0	5638	6806	2015	67	36	28	2	1	5	0	0	1	0	0	0	0	1	0	0
"7"	"GC20120705"	"I"	90	9	1	2	1	0	10	52	31	25	6	2	1	0	0	0	0	0	0	0	0	0	0	1	1	0	0	0	0	0	1	3	0	0	1	2	0	0	0	0	0	3	225	628	396	129	20	0	41	290	470	363	140	64	14	2	0	0	0	388	600	160	25	6	4	1	0	1	0	0	1	0	0	0	0	1	0	0
"8"	"GC20120705"	"II"	61	18	11	16	12	2	22	68	69	40	10	6	2	1	0	0	0	0	0	0	0	1	5	22	15	8	0	0	0	74	354	284	140	82	47	25	13	5	3	0	0	9	654	1030	365	38	1	0	40	309	515	311	139	52	4	3	1	0	0	252	446	184	46	15	7	4	2	1	2	0	0	0	0	0	0	0	0	0
"9"	"GC20120705"	"III"	57	7	3	1	0	0	41	84	52	29	8	2	0	0	0	0	0	0	0	0	0	3	10	19	10	1	0	0	0	111	436	266	128	72	40	33	10	1	1	0	0	9	724	1083	221	28	1	1	41	273	535	334	192	23	5	2	0	1	0	277	419	131	53	23	10	4	1	2	1	2	0	0	0	0	0	0	1	0
"10"	"GC20120705"	"IVa"	28	1	0	1	0	0	103	88	44	33	6	0	0	0	0	0	0	0	0	0	1	0	9	23	13	3	0	0	0	73	365	388	187	114	88	60	23	2	2	1	0	7	605	1000	403	43	1	0	22	212	455	385	198	57	1	0	0	0	0	159	318	143	49	23	14	6	9	0	2	1	0	0	0	0	0	0	1	0
"11"	"GC20120705"	"IVb"	19	4	3	1	1	0	98	112	63	30	11	3	1	0	0	0	0	0	0	0	0	3	15	22	20	4	2	0	0	89	342	309	189	81	72	37	14	5	1	0	0	7	563	1058	418	44	2	0	16	226	442	381	190	39	2	0	1	0	0	211	360	153	39	17	7	5	2	1	1	0	1	0	0	0	0	0	0	0
"12"	"GC20120913"	"I"	5	0	6	7	1	0	4	18	6	4	1	0	0	0	0	0	0	0	0	0	0	0	0	1	0	0	0	0	0	2	2	1	1	1	0	0	0	0	0	0	0	1	76	186	134	26	1	0	14	176	543	663	257	47	6	0	0	0	0	264	470	58	8	0	0	1	0	0	0	0	0	0	0	0	0	0	0	0
"13"	"GC20120913"	"II"	0	0	1	0	0	0	14	45	43	18	11	2	1	0	0	0	0	0	0	0	0	0	10	12	6	1	0	0	0	22	238	219	68	28	19	19	13	2	0	0	0	3	214	350	126	7	0	0	11	186	514	442	214	40	2	0	0	0	0	188	501	148	55	25	15	9	0	3	3	1	1	2	0	0	1	0	1	0
"14"	"GC20120913"	"III"	0	1	0	0	0	0	51	72	53	18	7	4	0	0	1	0	0	0	0	0	1	2	70	67	14	1	0	0	0	39	265	303	214	151	94	79	26	3	0	0	0	6	255	324	88	13	1	0	21	292	438	289	117	20	3	1	1	0	0	185	347	120	41	22	12	6	1	3	2	2	1	0	0	0	0	0	0	0
"15"	"GC20120913"	"IVa"	3	2	0	0	0	0	83	69	36	19	8	2	0	0	1	0	0	0	0	0	0	3	41	32	3	0	0	0	0	34	261	356	243	167	87	54	10	0	0	0	0	10	384	223	54	6	2	0	43	268	326	183	65	9	1	0	0	0	0	110	161	99	32	17	11	5	2	3	2	0	0	1	0	1	1	0	0	0
"16"	"GC20120913"	"IVb"	3	0	0	0	0	0	55	23	8	5	3	1	0	0	0	0	0	0	0	0	0	0	8	17	2	0	0	0	0	13	126	164	122	70	45	31	6	0	0	0	0	3	143	156	40	9	1	0	14	122	259	182	45	22	2	0	0	0	0	13	48	27	7	11	4	5	3	0	0	0	1	0	0	0	0	0	0	0
"17"	"GC20130110"	"I"	4	4	3	1	0	0	20	25	58	32	18	4	0	0	0	0	0	0	0	0	0	0	1	2	0	0	0	0	0	4	81	254	156	85	47	20	3	1	0	0	0	0	98	175	31	1	0	0	26	158	171	52	21	2	0	0	0	0	0	35	128	159	103	68	26	12	7	2	5	6	0	0	0	1	0	0	0	0
"18"	"GC20130110"	"II"	12	18	17	24	21	0	4	22	16	4	2	0	0	0	0	0	0	0	0	0	0	0	1	0	0	0	0	0	0	3	183	320	202	140	92	71	24	7	0	0	0	0	85	341	145	46	3	0	20	239	378	207	102	24	10	8	6	1	1	8	40	64	59	29	20	20	10	6	2	9	2	2	0	0	0	0	1	0
"19"	"GC20130110"	"III"	3	2	0	0	0	0	6	24	17	14	4	1	0	0	0	0	0	0	0	0	0	1	2	0	0	0	0	0	0	22	340	335	338	250	106	36	9	0	1	0	0	1	369	353	89	8	0	1	36	395	384	173	72	29	10	5	0	0	0	21	106	124	71	39	34	16	10	9	8	5	5	9	3	2	2	0	0	0
"20"	"GC20130110"	"IVa"	5	1	0	0	0	0	3	12	18	8	0	0	0	0	0	0	0	0	0	1	0	0	0	1	0	0	0	0	0	14	286	332	332	187	75	40	13	1	0	0	0	3	480	624	210	38	3	0	21	253	447	229	116	50	21	14	2	0	0	15	33	43	21	18	14	7	5	1	4	5	2	2	0	0	1	0	0	1
"21"	"GC20130110"	"IVb"	1	3	0	0	0	0	9	18	20	9	4	0	1	0	0	0	0	0	0	0	0	0	0	1	1	0	0	0	0	32	361	329	297	139	56	24	5	1	0	0	0	1	543	644	170	42	2	0	34	309	479	237	143	56	15	6	1	0	0	13	52	74	35	21	15	10	11	3	0	4	4	2	1	3	1	0	0	1
"22"	"GC20130404"	"I"	1	2	0	1	0	0	0	0	0	2	1	0	0	0	0	0	0	0	0	0	0	0	0	0	0	0	0	0	0	2	1	2	0	1	0	0	0	0	0	0	0	0	11	59	43	2	0	0	76	138	152	95	29	8	2	0	0	0	0	223	247	81	18	15	3	2	0	1	1	1	0	0	0	0	0	1	0	0
"23"	"GC20130404"	"II"	8	0	0	0	0	0	2	15	4	2	2	1	0	0	0	0	0	0	0	0	0	0	9	34	21	1	0	0	0	11	68	39	30	12	6	11	11	6	1	0	0	4	227	518	174	41	1	0	68	240	320	211	129	57	11	2	0	0	0	281	278	99	50	23	10	6	2	1	2	0	0	1	0	0	0	0	0	0
"24"	"GC20130404"	"III"	2	2	1	1	0	0	1	3	5	1	5	1	0	0	0	0	0	0	0	0	0	1	4	9	5	1	0	0	0	3	30	13	22	4	11	10	8	2	0	0	0	1	138	355	139	47	4	0	93	285	283	190	88	20	4	1	1	0	1	294	265	84	42	19	12	2	3	0	0	1	0	0	0	0	0	0	0	0
"25"	"GC20130404"	"IVa"	1	0	1	0	0	0	2	6	4	2	1	0	0	0	0	0	0	0	0	0	0	1	18	48	15	2	0	0	0	12	29	7	8	5	4	14	20	6	3	0	0	8	313	657	255	85	3	1	82	240	264	166	87	35	5	2	0	0	0	197	237	104	57	24	14	2	3	1	0	1	0	0	0	0	0	0	0	0
"26"	"GC20130404"	"IVb"	2	0	0	0	0	0	3	12	8	2	0	0	0	0	0	0	0	0	0	0	0	2	12	35	19	1	1	1	1	16	40	14	5	4	3	10	9	6	0	0	0	18	401	671	259	75	4	0	108	297	257	167	115	25	8	1	0	0	0	241	254	87	36	19	9	3	4	3	4	0	0	0	0	0	0	0	0	0
"28"	"GC20130625"	"I"	15	9	0	0	0	0	33	55	26	14	5	3	0	0	1	0	0	0	0	0	0	0	1	2	1	0	0	0	0	2	8	4	4	1	1	0	0	0	0	0	0	12	282	484	171	24	2	0	92	288	344	158	45	11	3	1	0	0	0	382	320	54	15	3	2	1	0	0	0	0	0	0	0	0	0	0	0	0
"29"	"GC20130625"	"II"	53	9	3	1	1	0	29	57	34	19	10	0	2	0	0	1	0	0	0	0	0	0	34	126	51	2	1	0	0	57	332	261	175	102	59	52	26	4	1	0	0	27	804	634	115	10	1	0	65	317	362	148	44	11	3	1	1	0	0	356	310	49	14	6	2	2	1	0	0	0	0	0	0	0	0	1	1	0
"30"	"GC20130625"	"III"	10	7	4	5	0	0	25	31	26	6	3	0	1	0	0	0	0	0	0	0	1	8	22	29	10	0	0	0	0	75	297	247	151	83	45	17	6	0	0	0	0	26	912	559	119	15	1	0	96	349	362	151	51	7	0	0	0	0	0	199	141	45	17	9	3	0	1	0	0	0	1	0	0	0	0	0	0	0
"31"	"GC20130625"	"IVa"	19	2	0	0	1	0	31	46	25	10	3	2	0	1	0	0	0	0	0	0	0	8	31	62	16	1	0	0	0	71	287	235	110	50	32	20	4	1	0	0	0	48	709	598	202	5	0	0	82	247	301	147	58	13	5	2	0	0	0	178	164	60	27	18	9	0	0	2	0	0	0	0	0	0	0	0	0	0
"32"	"GC20130625"	"IVb"	2	1	0	0	0	0	26	45	44	22	12	2	4	2	0	0	0	0	0	1	1	27	94	154	43	4	0	0	1	64	300	201	124	74	47	45	12	0	0	0	0	62	711	669	193	9	0	1	51	235	325	161	78	9	1	1	0	0	0	357	286	86	31	7	4	4	1	0	1	0	0	1	0	0	0	0	0	0
"33"	"GC20130912"	"I"	4	1	1	2	0	0	10	19	12	10	2	2	2	0	0	0	0	0	1	0	0	0	0	0	0	0	0	0	0	0	0	1	1	1	0	0	0	0	0	0	0	7	95	329	203	23	0	0	22	195	360	297	138	34	4	0	0	0	0	255	353	87	35	22	5	6	0	2	0	1	0	0	1	1	0	0	0	0
"34"	"GC20130912"	"II"	0	0	0	0	0	0	12	6	6	11	5	6	2	1	0	0	0	1	0	0	0	2	6	14	11	1	0	0	0	6	22	15	12	11	11	3	1	0	0	0	0	13	66	99	72	5	0	0	39	168	237	136	68	14	0	2	0	0	0	191	224	95	60	20	15	9	8	5	1	0	2	0	0	0	0	0	0	0
"35"	"GC20130912"	"III"	4	0	0	0	0	0	15	10	16	9	5	3	0	1	1	0	1	0	0	0	1	5	29	50	21	8	0	0	0	5	35	19	11	21	25	9	2	0	0	0	0	24	137	157	86	20	1	0	51	161	204	173	64	15	4	0	0	0	0	99	108	78	54	29	10	9	4	1	3	1	1	0	1	0	0	0	0	0
"36"	"GC20130912"	"IVa"	0	0	0	0	0	0	6	11	16	5	4	0	3	0	0	1	0	0	0	0	0	7	35	49	16	6	0	0	0	18	23	18	23	43	36	22	0	0	0	0	0	9	96	100	58	15	2	0	76	165	174	84	46	12	4	1	0	0	0	94	150	97	69	44	21	14	4	5	3	1	1	0	1	0	0	0	0	0
"37"	"GC20130912"	"IVb"	0	0	0	0	0	0	3	2	2	5	1	2	0	0	1	0	0	0	0	0	0	0	7	9	2	0	0	0	0	3	70	10	8	4	8	6	2	0	0	0	0	4	46	40	18	0	0	0	6	60	89	41	10	0	0	0	0	0	0	37	63	62	34	29	19	12	12	4	1	2	2	0	0	3	0	1	0	0
"38"	"GC20140109"	"I"	9	4	7	1	0	0	1	12	11	17	9	1	2	0	0	0	1	0	1	0	0	0	1	0	0	0	0	0	0	3	25	48	71	67	30	12	3	0	0	0	0	0	27	86	50	7	0	0	15	58	66	26	7	6	0	0	0	0	0	43	89	96	78	54	28	16	8	7	6	3	4	2	1	0	1	0	0	0
"39"	"GC20140109"	"II"	0	2	1	0	0	0	4	6	3	2	2	1	1	0	0	0	0	0	0	0	0	1	1	2	0	0	0	0	0	13	236	196	86	62	48	20	3	0	0	0	0	7	60	83	33	7	1	1	37	150	183	72	35	13	3	0	0	1	0	4	27	25	25	14	7	4	2	3	0	0	1	1	0	0	0	0	0	0
"40"	"GC20140109"	"III"	1	9	5	5	1	0	2	4	7	1	2	0	0	0	0	0	0	1	0	0	0	0	0	3	0	0	0	0	0	19	229	188	81	53	16	7	0	0	0	0	0	0	68	64	22	0	0	0	53	218	218	79	32	10	3	0	0	0	0	8	31	49	37	22	14	7	6	2	0	0	1	0	0	0	0	0	0	0
"41"	"GC20140109"	"IVa"	1	0	3	0	0	0	2	9	6	6	1	0	0	0	0	0	0	0	0	0	0	0	5	6	5	1	1	0	0	24	305	210	58	26	23	11	0	0	0	0	0	3	174	222	124	7	0	0	54	301	305	199	71	25	4	0	0	0	0	35	74	64	46	25	17	5	3	5	3	1	0	1	1	0	0	2	2	19
"42"	"GC20140109"	"IVb"	0	0	0	0	0	0	2	5	1	1	0	0	0	0	0	0	0	0	0	0	0	0	1	0	0	0	0	0	0	60	237	174	48	21	15	5	1	0	0	0	0	6	106	92	13	0	0	0	91	393	316	58	40	23	8	0	0	0	0	18	39	28	15	4	5	1	1	0	1	0	0	0	0	0	0	0	0	0
"43"	"GC20140626"	"I"	13	0	0	0	0	0	1	0	0	2	1	1	0	0	0	0	0	0	0	0	0	0	1	0	0	0	0	0	0	1	7	7	5	1	0	0	1	0	0	0	0	2	62	31	39	5	0	0	4	67	218	202	60	22	3	0	0	0	0	24	156	74	5	1	1	1	0	0	1	0	0	0	0	0	0	0	0	0
"44"	"GC20140626"	"II"	4	2	0	0	0	0	4	5	2	3	0	0	0	0	0	0	0	0	0	0	0	1	7	7	0	0	0	0	0	20	90	106	86	53	29	10	0	0	0	0	0	16	111	97	20	5	0	0	15	96	156	99	35	8	1	0	0	0	0	67	99	46	9	4	1	1	0	0	0	0	0	0	0	0	0	0	0	0
"45"	"GC20140626"	"III"	1	0	0	0	0	0	1	8	5	3	2	0	1	0	0	0	0	0	0	0	0	1	9	15	2	0	0	0	0	24	95	115	84	34	18	7	1	0	0	0	0	9	188	154	41	11	0	1	10	81	170	107	36	5	3	0	0	0	0	86	150	72	14	11	2	0	0	0	0	1	0	0	0	0	0	0	0	0
"46"	"GC20140626"	"IVa"	0	1	0	0	0	0	16	12	5	0	3	0	0	0	0	0	0	0	0	0	0	0	5	8	6	0	0	0	0	29	94	97	47	31	27	10	1	0	0	0	0	4	95	131	41	8	0	0	15	68	151	106	46	14	2	1	0	0	0	84	116	84	29	7	5	6	2	2	0	0	0	0	0	0	0	0	0	0
"47"	"GC20140626"	"IVb"	0	0	2	0	0	0	6	5	7	2	1	0	0	0	0	0	0	0	0	0	0	2	13	9	0	0	0	0	0	17	86	48	45	51	25	11	1	0	0	0	0	3	77	103	40	3	1	0	11	77	132	94	37	9	3	0	0	0	0	74	112	67	11	12	4	0	3	2	0	0	0	1	0	0	0	0	0	0
"48"	"GC20140403"	"I"	0	1	0	0	0	0	0	0	0	0	0	0	0	0	0	0	0	0	0	0	0	0	0	0	0	0	0	0	0	4	9	3	2	0	0	0	0	0	0	0	0	2	21	33	24	5	1	0	20	63	56	35	14	4	0	0	0	0	0	15	43	17	5	4	0	0	0	0	1	0	0	0	0	0	0	0	0	0
"49"	"GC20140403"	"II"	0	0	0	0	0	0	0	0	0	0	0	0	0	0	0	0	0	0	0	0	0	0	0	6	5	0	0	0	0	14	96	77	37	20	6	4	3	0	0	0	0	1	100	146	65	18	1	0	29	109	116	71	35	8	2	0	0	0	0	31	54	26	3	4	2	1	0	1	0	0	0	0	0	0	0	0	0	0
"50"	"GC20140403"	"III"	0	0	0	0	0	0	0	4	1	1	0	0	1	0	0	0	0	0	0	0	0	0	2	5	1	0	0	0	0	6	47	27	22	11	5	10	3	2	0	0	0	1	134	158	69	26	2	0	37	90	129	76	39	10	5	0	0	0	0	27	53	27	14	4	3	4	1	0	0	0	0	0	0	0	0	0	0	0
"51"	"GC20140403"	"IVa"	0	0	0	0	0	0	1	2	1	0	0	0	0	0	0	0	0	0	0	0	0	3	8	22	12	2	0	0	0	17	48	29	11	4	7	15	11	5	2	0	1	12	298	305	69	8	1	0	31	145	139	51	24	4	1	0	0	0	0	47	61	21	15	4	1	1	0	2	0	1	0	0	0	1	0	0	0	0
"52"	"GC20140403"	"IVb"	2	0	0	0	0	0	1	1	2	1	0	0	0	0	0	0	0	0	0	0	0	2	3	14	4	0	0	0	0	31	87	49	16	11	5	4	1	4	1	0	0	31	342	255	31	4	1	1	79	171	155	55	13	4	2	0	0	0	0	78	133	61	16	4	1	2	0	0	1	0	0	0	0	0	0	0	0	0
"53"	"GC20140911"	"I"	10	3	0	1	0	0	0	0	0	0	0	0	0	0	0	0	0	0	0	0	0	0	1	3	1	0	0	0	0	0	2	0	1	4	0	0	0	0	0	0	0	6	28	36	4	0	0	0	31	102	130	68	19	1	0	0	0	0	0	80	59	28	6	1	1	0	0	0	0	0	0	0	0	0	0	0	0	0
"54"	"GC20140911"	"II"	0	0	0	0	0	0	0	1	2	0	0	0	0	0	0	0	0	0	0	0	0	0	4	4	0	0	0	0	0	8	84	70	62	53	36	21	6	1	0	0	0	1	21	46	12	0	0	0	17	67	102	58	33	6	3	1	0	0	0	5	31	17	6	2	3	2	0	1	1	0	0	0	1	0	0	0	0	0
"55"	"GC20140911"	"III"	0	0	0	0	0	0	2	1	1	0	0	0	0	0	0	0	0	0	0	0	0	0	4	4	1	0	0	0	0	9	32	25	26	10	20	8	0	0	0	0	0	4	24	73	10	0	0	0	11	72	109	57	22	3	2	1	0	0	0	10	23	20	7	7	1	1	0	0	0	0	0	0	0	0	0	0	0	0
"56"	"GC20140911"	"IVa"	0	1	0	0	0	0	5	6	2	2	0	0	0	0	0	1	0	0	0	0	0	0	4	1	2	0	0	0	0	18	68	46	22	19	11	2	0	0	0	0	0	7	84	103	29	1	0	0	7	89	115	69	13	2	1	0	0	0	0	23	34	27	21	7	2	4	0	1	1	0	0	0	0	0	0	0	0	0
"57"	"GC20140911"	"IVb"	0	0	0	0	0	0	1	1	2	0	0	1	0	0	0	0	0	0	0	0	0	0	0	1	0	0	0	0	0	1	3	2	4	3	2	1	0	0	0	0	0	0	9	22	5	0	0	0	5	39	53	14	9	2	3	2	0	1	3	2	2	1	3	2	2	0	0	0	1	0	0	0	0	0	0	0	0	0
"58"	"GC20150108"	"I"	0	0	1	0	0	0	0	4	4	0	2	1	0	0	0	0	0	0	0	0	0	0	1	0	0	0	0	0	0	0	4	6	6	4	1	2	1	0	0	0	0	0	10	21	5	0	0	0	10	29	37	14	6	1	1	0	0	0	0	3	8	9	12	8	3	4	3	0	0	0	0	1	0	0	0	0	0	0
"59"	"GC20150108"	"II"	1	0	1	0	0	0	0	0	2	7	3	0	0	0	0	0	0	0	0	0	0	0	1	4	0	0	0	0	0	1	55	143	112	58	29	11	3	0	0	0	0	0	62	106	40	4	0	0	0	55	138	60	30	10	5	1	0	0	0	1	11	9	1	3	2	0	0	2	1	0	0	0	0	1	0	0	0	0
"60"	"GC20150108"	"III"	0	0	0	0	0	0	1	3	6	4	1	0	0	0	0	0	0	0	0	0	0	0	0	2	0	0	0	0	0	3	38	112	94	56	19	16	1	0	0	0	0	3	37	52	29	1	0	0	7	40	116	83	29	10	8	7	1	0	0	1	2	5	6	10	4	2	1	1	0	0	0	0	0	0	0	0	0	0
"61"	"GC20150108"	"IVa"	0	0	0	0	0	0	4	6	10	3	1	1	0	0	0	0	0	0	0	0	0	0	3	2	0	0	1	0	0	23	107	108	71	34	12	12	0	0	0	0	16	5	200	161	32	2	0	0	16	105	126	65	29	12	5	3	1	0	0	0	11	8	7	3	1	1	2	0	0	0	0	0	0	0	0	0	0	0
"62"	"GC20150108"	"IVb"	0	0	0	0	0	0	2	2	6	8	2	1	0	0	0	0	0	0	0	0	0	0	2	1	0	0	0	0	0	17	105	89	63	27	11	6	0	0	0	0	0	3	123	80	30	2	0	0	17	80	138	62	38	19	5	4	0	0	0	1	3	4	7	2	3	0	1	0	0	1	0	0	0	0	0	0	0	0
"63"	"GC20150403"	"I"	0	0	0	0	0	0	0	0	0	0	0	0	0	0	0	0	0	0	0	0	0	0	0	0	1	0	0	0	0	0	9	1	0	0	0	1	0	0	0	0	0	0	19	42	68	18	1	0	49	53	67	31	15	8	1	0	0	0	0	31	11	19	4	1	1	0	0	0	0	0	0	0	0	0	0	0	0	0
"64"	"GC20150403"	"II"	2	0	0	0	0	0	0	6	0	1	0	0	0	0	0	0	0	0	0	0	0	0	2	1	14	3	0	0	0	21	43	40	53	23	11	4	1	1	0	0	0	3	113	224	174	42	6	0	22	101	162	97	24	11	0	0	0	0	0	63	61	39	10	5	3	1	1	0	0	1	0	0	0	0	0	0	0	0
"65"	"GC20150403"	"III"	0	0	0	0	0	0	0	1	1	1	0	0	0	0	0	0	0	0	0	0	0	0	1	3	9	1	0	0	0	6	9	16	15	5	3	1	3	0	0	0	0	5	175	264	173	48	4	0	33	64	134	95	38	9	6	0	0	0	0	13	20	24	6	2	0	0	0	1	0	0	0	0	0	1	0	0	0	0
"66"	"GC20150403"	"IVa"	0	0	1	0	0	0	0	3	2	1	0	0	0	0	0	0	0	0	0	0	0	0	1	5	4	1	0	0	0	13	22	25	8	5	1	1	4	0	0	0	0	9	234	289	87	6	0	0	24	66	172	108	15	2	1	0	0	0	0	5	15	24	2	1	2	0	1	0	1	0	0	0	0	0	0	0	0	0
"67"	"GC20150403"	"IVb"	0	0	0	0	0	0	0	6	0	3	0	0	0	0	0	0	0	0	0	0	0	0	1	3	0	0	0	0	0	12	14	7	2	5	1	1	3	0	0	0	0	17	310	186	74	5	0	0	45	105	113	85	20	3	0	0	0	0	0	18	17	16	2	1	1	1	1	0	0	0	0	0	0	0	0	0	0	0
